3.2326 6.1885 1
4.937 6.2513000000000005 0
4.4096 6.4605 0
5.5238000000000005 7.4697000000000005 0
6.183400000000001 8.305299999999999 0
6.9446 8.918700000000001 0
8.102100000000002 9.459600000000002 0
3.5305 10.4698 r0
9.978400000000002 11.252700000000003 0
9.863300000000002 11.418800000000003 0
8.044500000000001 12.014500000000002 1
11.442900000000002 12.733900000000002 0
10.569700000000003 12.791100000000004 0
11.859100000000002 13.161000000000001 0
12.561700000000002 14.530400000000002 0
13.2977 14.825600000000001 0
13.439900000000002 15.718600000000002 0
11.821800000000001 16.510800000000003 1
16.088 17.4048 0
15.777700000000001 18.806900000000002 0
10.643200000000002 19.5139 1
16.7494 20.1289 0
12.783100000000001 20.561500000000002 1
19.784200000000002 21.757600000000004 0
21.017000000000003 22.294500000000003 0
21.412900000000004 22.827700000000004 0
22.087500000000006 23.761200000000006 0
23.810900000000007 25.809400000000007 0
22.410600000000006 25.973700000000004 1
23.563900000000007 26.06180000000001 0
24.391900000000007 26.51310000000001 0
25.571200000000008 27.65110000000001 0
25.690400000000007 27.92100000000001 0
24.815600000000007 29.104400000000005 0
27.609300000000008 29.29840000000001 0
28.13450000000001 30.19680000000001 0
28.23130000000001 31.391800000000003 0
27.76310000000001 31.472500000000007 1
29.514100000000013 32.53500000000001 0
30.357500000000012 32.5925 0
31.650400000000012 33.8251 0
30.545000000000012 34.55720000000001 0
32.829200000000014 34.59670000000001 0
29.291800000000013 36.75210000000001 r0
36.15310000000001 37.38500000000001 0
36.01770000000001 38.101700000000015 0
37.25240000000001 38.624800000000015 0
36.32770000000001 39.69850000000001 0
38.874100000000006 40.1433 0
38.919000000000004 40.881400000000006 0
37.11130000000001 42.810100000000006 1
42.04880000000001 43.46060000000001 0
42.516000000000005 43.76070000000001 0
40.53830000000001 44.99750000000001 1
42.7531 45.88120000000001 1
44.5615 46.5582 0
45.416700000000006 46.688100000000006 0
45.687900000000006 48.54110000000001 1
49.019000000000005 50.81120000000001 0
49.4671 53.3573 1
50.417100000000005 53.84140000000001 1
51.335300000000004 53.92080000000001 0
55.2066 56.4917 0
53.9414 56.8913 1
55.9128 57.7055 0
55.5066 58.7186 0
56.4128 59.0292 0
56.5978 60.7411 1
56.9261 61.2014 0
57.771699999999996 61.2052 0
57.92249999999999 61.410799999999995 1
59.11449999999999 61.49419999999999 0
59.48019999999999 62.5491 0
60.503899999999994 62.85549999999999 0
60.27499999999999 63.1034 0
58.35179999999999 63.6237 1
61.017599999999995 63.809900000000006 0
61.144999999999996 64.17399999999999 0
55.3269 64.8331 r0
61.5059 64.906 0
61.737399999999994 65.4406 0
63.657 66.3651 0
65.5127 66.7623 0
62.26729999999999 66.9093 1
63.381899999999995 67.8596 1
72.6033 73.8812 0
71.9233 73.9052 0
72.7569 74.4505 0
71.58539999999999 74.6369 1
72.8156 75.3395 0
72.679 76.2766 1
74.3326 76.3203 0
75.7299 77.8936 0
76.9623 78.2227 0
74.0141 78.5838 1
77.83109999999999 79.1804 0
79.94699999999999 81.335 0
75.5502 82.77730000000001 r0
81.6462 84.04969999999999 0
80.72659999999999 84.28039999999999 1
82.86449999999999 84.6237 0
83.82589999999999 85.6899 0
83.50989999999999 87.10059999999999 1
83.41829999999999 87.17719999999998 1
88.1081 89.6158 0
84.01259999999999 90.23019999999998 1
89.04560000000001 91.0546 0
88.9419 91.2318 0
88.3381 92.2685 1
91.57770000000001 92.95070000000001 0
86.14789999999999 94.16059999999999 r0
92.327 94.31880000000001 0
92.3031 94.7669 0
92.8761 94.97970000000001 0
93.38489999999999 95.51960000000001 0
93.67219999999999 96.1225 0
93.75189999999999 96.4231 0
89.9624 96.9317 r0
94.3043 97.58590000000001 0
95.8166 97.73830000000001 0
94.6018 97.7963 0
96.40859999999999 99.01280000000001 0
97.42599999999999 101.32849999999999 1
99.8393 101.4232 0
100.63719999999999 101.93509999999999 0
101.3916 102.943 0
100.87219999999999 103.75949999999999 1
103.172 104.4831 0
104.201 105.7087 0
105.0608 106.3646 0
106.6745 108.02669999999999 0
107.0367 108.53399999999999 0
105.4692 108.718 1
108.12089999999999 109.97049999999999 0
110.5269 111.824 0
111.0108 112.5348 0
112.2269 113.7719 0
113.4113 114.6951 0
113.0667 115.7862 0
114.1091 115.9687 0
113.66159999999999 116.6309 0
114.46969999999999 117.19359999999999 0
114.228 117.4801 1
115.87419999999999 117.5762 0
116.1124 118.011 0
116.08749999999999 120.1531 1
117.78529999999999 121.0616 0
120.14689999999999 122.78389999999999 0
121.73069999999998 123.10829999999999 0
120.06549999999999 123.27039999999998 1
122.2893 123.499 0
121.97919999999999 124.8316 1
124.8497 126.2033 0
124.5459 126.36540000000001 0
124.8796 126.6625 0
125.6358 127.63419999999999 0
123.8935 128.8603 1
125.6515 128.9379 0
128.1602 130.0617 0
129.1348 130.4422 0
124.49730000000001 130.8655 1
124.7367 132.0273 1
130.68910000000002 132.09610000000004 0
130.95690000000002 132.5832 0
132.47530000000003 133.78100000000003 0
131.10960000000003 134.32900000000004 0
133.08680000000004 134.70570000000004 0
133.57720000000003 135.40890000000005 0
134.25680000000003 135.86240000000004 0
135.79670000000002 137.16150000000002 0
134.03290000000004 137.49920000000003 1
136.30640000000002 138.49460000000002 0
136.44430000000003 138.81240000000003 0
136.36840000000004 139.66870000000003 0
138.20800000000003 140.21220000000002 0
136.45800000000003 140.21460000000002 1
138.90990000000002 141.07010000000002 0
139.2247 141.60680000000002 0
138.51800000000003 141.68850000000003 1
136.717 141.86900000000003 0
140.4351 142.38550000000004 0
140.9676 144.19870000000003 0
144.5328 145.95000000000002 0
143.2817 146.8716 1
142.4056 148.632 1
146.9444 148.7041 0
146.8365 149.369 0
147.22070000000002 149.9439 0
147.42570000000003 150.8263 0
148.66760000000002 151.97880000000004 1
149.13020000000003 152.2952 0
149.11050000000003 152.38540000000003 1
148.39030000000002 152.57330000000002 0
147.85280000000003 153.18490000000003 0
150.42470000000003 153.7896 0
149.54710000000003 154.46189999999999 0
151.55760000000004 155.13080000000002 0
152.46670000000003 155.26690000000002 0
147.0149 155.88860000000003 r0
153.33010000000004 155.9322 0
155.37850000000003 156.74640000000002 0
153.29910000000004 156.85210000000004 1
160.77430000000004 162.39400000000003 0
160.09220000000005 162.90170000000006 1
161.19500000000005 162.95020000000005 0
160.04640000000003 163.18090000000004 1
162.70970000000003 164.21120000000005 0
162.07210000000003 164.54860000000002 0
163.53010000000003 166.02 0
162.51610000000002 166.11110000000005 1
163.62880000000004 166.18500000000006 0
161.84870000000004 166.48330000000007 1
164.31600000000003 167.3606 0
165.25560000000004 168.44970000000006 0
161.41160000000005 169.82920000000004 r0
167.52200000000005 170.02240000000006 0
168.81150000000002 171.07820000000004 0
163.21680000000003 171.22270000000006 r0
169.91570000000002 171.72400000000002 0
170.7049 172.13240000000002 0
168.57220000000004 172.66960000000003 1
172.9651 174.73430000000002 0
173.32840000000002 175.5244 0
175.17759999999998 176.42159999999998 0
174.3659 177.49450000000002 1
175.0821 178.0665 1
175.7772 178.563 0
175.3209 180.36980000000003 1
179.3733 180.7631 0
179.916 181.2886 0
178.6796 181.6798 1
181.7111 183.1187 0
181.71689999999998 183.44439999999997 0
183.94329999999997 185.73119999999997 0
183.31859999999998 186.38359999999997 1
180.0162 186.8871 r0
185.72419999999997 187.21599999999998 0
186.28159999999994 188.34539999999993 0
186.03629999999995 188.58409999999995 0
186.84499999999994 189.8199 0
184.88419999999996 189.85060000000001 1
184.12769999999998 190.38209999999998 1
191.26149999999996 192.85199999999995 0
186.92649999999995 193.45759999999999 1
185.95949999999996 193.6911 1
192.41389999999996 194.56439999999995 0
193.24059999999994 195.24369999999993 0
193.88019999999995 195.71099999999996 0
191.18609999999995 196.35959999999997 1
194.83709999999994 196.56909999999993 0
189.97369999999995 197.1476 r0
194.98289999999994 197.22169999999994 0
195.81799999999996 197.37859999999995 0
194.89569999999995 199.25689999999997 1
