1.2252840977088482 2.0339761588146 0
3.6758522931265443 4.5017533210995335 0
4.901136390835393 5.713807756034558 0
6.126420488544241 7.007330584265172 0
2.4505681954176963 7.760398826315404 1
7.351704586253089 8.259338221883686 0
8.576988683961938 11.48323027670038 1
11.027556879379633 12.14871955203079 0
9.802272781670785 14.245706603307148 1
12.25284097708848 14.996479395651058 1
13.478125074797328 16.898632109604602 1
15.928693270215023 16.932674437806646 0
14.703409172506175 18.052157586586727 1
17.153977367923872 18.29980864525579 0
20.829829661050415 21.755300927582987 0
19.604545563341567 22.283471529107512 1
18.37926146563272 23.044444020207386 1
22.055113758759262 23.073841086852884 0
23.28039785646811 24.206068741926074 0
24.505681954176957 25.392182795773103 0
25.730966051885805 26.54422191949529 0
26.956250149594652 27.824796888869542 0
28.1815342473035 31.0610635941629 1
31.857386540430042 32.74065287641927 0
29.406818345012347 33.80053395323739 1
30.632102442721195 33.841280563997394 1
34.307954735847744 35.98181193418053 0
35.533238833556595 37.03048011515716 0
36.758522931265446 37.9662772016505 0
39.20909112668315 40.42461219354856 0
40.434375224392 41.521148319676705 0
37.9838070289743 42.05741795801583 1
41.65965932210085 42.65263813124771 0
42.8849434198097 43.684180043924684 0
33.08267063813889 44.02855939919047 r0
44.11022751751855 45.34173935827326 0
47.786079810645106 48.70890716499117 0
49.01136390835396 50.01829805429696 0
46.560795712936255 50.19163494091739 1
45.335511615227404 52.283720652721165 r0
51.46193210377166 52.939170894452836 0
52.68721620148051 53.49093085672408 0
50.23664800606281 53.69570984418 1
53.91250029918936 54.882613238530155 0
55.13778439689821 55.99994178482502 0
56.36306849460706 57.47961668345179 0
58.813636690024765 59.74250228064296 0
57.588352592315914 60.348275251155265 1
60.038920787733616 60.84417359245817 0
61.26420488544247 62.139713040440995 0
62.48948898315132 63.30473650332161 0
63.71477308086017 64.56740759806249 0
64.94005717856902 65.81779715053457 0
66.16534127627787 67.2684866738124 0
67.39062537398672 68.28463970397706 0
68.61590947169557 69.61783249293548 0
69.84119356940442 71.54481063533194 0
71.06647766711328 72.11757240151744 0
72.29176176482213 73.29060278060918 0
73.51704586253098 76.32836776446072 1
75.96761405794868 76.90103043707094 0
77.19289815565753 78.41867552752076 0
74.74232996023983 79.16278908904933 1
78.41818225336638 79.512504804964 0
80.86875044878408 81.90697234053705 0
79.64346635107523 83.66786165484889 1
83.31931864420179 84.36236874890068 0
84.54460274191064 85.52380618297167 0
82.09403454649294 86.58320071994524 1
85.76988683961949 87.78779853596262 0
86.99517093732834 87.82388416820307 0
88.22045503503719 90.19284562758128 0
90.67102323045489 91.53904626450772 0
89.44573913274604 92.34667795583732 1
91.89630732816374 93.32616240444213 0
93.1215914258726 94.9864846138532 0
95.5721596212903 96.73768576597139 0
94.34687552358145 97.06550196632078 1
96.79744371899915 97.59629599363024 0
98.022727816708 98.94144600285617 0
100.4732960121257 101.87106583569006 0
99.24801191441685 102.768382938966 1
101.69858010983455 102.77329451729979 0
104.14914830525225 105.03878287040868 0
102.9238642075434 105.57680515818228 1
105.3744324029611 108.08209855535064 1
106.59971650066996 108.42540100238762 0
109.05028469608766 110.16617343032759 0
107.82500059837881 110.64111412802595 1
111.50085289150536 113.0752581173436 0
112.72613698921421 113.66633477979732 0
110.27556879379651 114.50620790961183 1
113.95142108692306 115.32684491791751 0
115.17670518463191 116.68019912524045 0
116.40198928234076 117.87516285003802 0
117.62727338004962 118.61403048448805 0
118.85255747775847 120.1010387333648 0
120.07784157546732 121.29794136007838 0
121.30312567317617 122.27037230803458 0
122.52840977088502 124.869871107361 0
123.75369386859387 125.18034136598591 0
124.97897796630272 126.38500813030157 0
126.20426206401157 129.04784682052534 1
128.65483025942927 129.50608871039103 0
127.42954616172042 131.05437784523892 1
129.88011435713813 132.54088041502675 0
131.10539845484698 134.12959755776407 1
133.55596665026468 134.57360962397732 0
132.33068255255583 135.12105432755283 1
134.78125074797353 135.72212303986853 0
136.00653484568238 136.8388332996122 0
137.23181894339123 138.30957188623015 0
139.68238713880893 140.49504709988327 0
138.45710304110008 141.7225181889505 1
142.13295533422664 142.9465453174762 0
140.90767123651779 144.45883818964435 1
143.3582394319355 144.93611068765878 0
145.8088076273532 146.69515722638576 0
147.03409172506204 148.40717066214518 0
148.2593758227709 149.07889296241106 0
144.58352352964434 149.27553630551495 1
149.48465992047974 151.39403227488154 0
150.7099440181886 151.6500297350616 0
151.93522811589744 153.07861302712524 0
153.1605122136063 155.01466145794646 0
154.38579631131515 157.10391700312374 1
156.83636450673285 157.7984069671583 0
155.611080409024 158.73785885402185 1
158.0616486044417 159.07122903714412 0
159.28693270215055 160.59903056222197 0
160.5122167998594 161.94461374494534 0
161.73750089756825 162.98513431624684 0
162.9627849952771 163.78903736479685 0
164.18806909298596 165.08332901308222 0
165.4133531906948 166.2089769115469 0
166.63863728840366 169.66212881596599 1
170.3144895815302 171.14768110361183 0
169.08920548382136 171.32484080710992 0
167.8639213861125 171.77960933014225 1
172.7650577769479 173.5643456894821 0
171.53977367923906 174.5868589283479 1
173.99034187465676 176.72464704593813 1
176.44091007007447 177.28373953067094 0
175.21562597236561 178.11405775642234 1
177.66619416778332 178.52035420768314 0
178.89147826549217 179.8613100453001 0
180.11676236320102 181.2461061406955 0
181.34204646090987 182.45632691417333 0
182.56733055861872 183.39739509938642 0
185.01789875403642 186.02406348541294 0
183.79261465632757 186.57383448930423 1
186.24318285174527 188.0703371677241 0
188.69375104716298 189.5516937230669 0
187.46846694945413 190.17654409226546 1
189.91903514487183 191.18063583678892 0
191.14431924258068 192.00828702844822 0
192.36960334028953 193.22926158821434 0
193.59488743799838 194.57258599104136 0
194.82017153570723 195.63359181739102 0
196.04545563341608 196.9142990968554 0
199.72130792654264 201.34531180957643 0
198.49602382883378 201.39825919210662 1
202.17187612196034 203.6705817508929 0
200.9465920242515 204.0459823298316 1
197.27073973112493 204.4509827051668 r0
204.62244431737804 205.58336452316368 0
205.8477284150869 206.8258191266424 0
203.3971602196692 207.74125166815128 1
207.07301251279574 207.89482098689953 0
209.52358070821344 210.58667627134884 0
208.2982966105046 211.33392289096992 1
210.7488648059223 211.55672141644575 0
211.97414890363115 212.99401751579458 0
213.19943300134 214.40031858774398 0
215.6500011967577 216.84826105097713 0
216.87528529446655 217.71454509973694 0
214.42471709904885 219.0836537658942 1
218.1005693921754 220.93625136975038 1
220.5511375875931 222.5693105441806 0
219.32585348988425 223.32191840150347 1
223.0017057830108 223.9349583427976 0
221.77642168530195 225.02267180892724 1
224.22698988071966 226.89729948515577 1
225.4522739784285 227.107150478191 0
227.9028421738462 228.76537408355205 0
229.12812627155506 229.973598617673 0
226.67755807613736 230.9557220058736 1
230.3534103692639 233.221751599173 1
232.80397856468161 233.85887343052707 0
231.57869446697276 233.98157918319183 0
234.02926266239047 234.90540714892683 0
235.25454676009932 236.3120579405541 0
237.70511495551702 238.64478042931813 0
236.47983085780817 239.24605939619005 1
238.93039905322587 240.378091616579 0
240.15568315093472 241.99564557354907 0
242.60625134635242 243.41467766117304 0
241.38096724864357 245.61614406672774 1
245.05681954177012 246.05099446950317 0
243.83153544406127 246.5663792022928 1
246.28210363947898 247.1515108322692 0
247.50738773718783 250.66538675836006 1
249.95795593260553 251.2388209143274 0
248.73267183489668 251.80857558162077 1
252.40852412802323 253.27186768341858 0
251.18324003031438 256.7377393187244 1
256.0843764211498 257.5089061566071 0
253.63380822573208 258.0301136896262 1
257.3096605188586 258.2446642881937 0
258.53494461656743 259.7302006900932 0
259.76022871427625 260.9190937665051 0
260.9855128119851 261.8634083639284 0
254.85909232344093 263.5951292050326 1
262.2107969096939 265.08165305423313 1
263.4360810074027 267.017222547671 1
267.1119333005292 268.08493010064274 0
268.337217398238 269.91040167242073 0
269.56250149594683 270.4077129862027 0
264.66136510511154 270.6486133056238 1
270.78778559365566 271.68589983288706 0
273.2383537890733 274.1843757690629 0
265.88664920282037 275.0270467904965 1
274.4636378867821 275.4880767332515 0
272.0130696913645 275.64219582924596 1
275.68892198449095 276.70762803748505 0
276.91420608219977 277.7135961945501 0
278.1394901799086 280.01645986018025 0
279.3647742776174 280.39702199942934 0
280.59005837532624 281.4102154218568 0
281.81534247303506 282.66122009450794 0
283.0406265707439 283.9872561617266 0
284.2659106684527 285.3817520582659 0
285.4911947661615 286.4297106283751 0
286.71647886387035 288.1846121709973 0
287.9417629615792 288.9355763004591 0
289.167047059288 292.01700094510005 1
291.61761525470564 292.75106676615025 0
292.84289935241446 293.7657252491148 0
290.3923311569968 293.84347868016454 1
295.2934675478321 296.1208251449971 0
294.0681834501233 297.21937137911937 1
296.51875164554093 297.3206823620167 0
297.74403574324975 298.6656537915009 0
298.9693198409586 302.02013042981145 1
301.4198880363762 302.2566829259153 0
300.1946039386674 303.43096450330603 1
302.64517213408504 304.50172387011435 0
303.87045623179387 304.8579371532637 0
305.0957403295027 306.46784225458964 0
306.3210244272115 307.27607048382464 0
307.54630852492033 309.1670766706556 0
308.77159262262916 310.9990513567952 0
311.2221608180468 312.5274546837283 0
309.996876720338 313.22838026637544 1
313.67272901346445 315.12352953381975 0
312.4474449157556 315.5360866744034 1
314.89801311117327 315.9774725830385 0
316.1232972088821 317.28259681994757 0
318.57386540429974 319.5229132257857 0
317.3485813065909 320.05275556413 1
319.79914950200856 320.9318307084456 0
321.0244335997174 322.9978687083206 0
322.2497176974262 323.2311950087258 0
323.47500179513503 324.6186873625729 0
327.1508540882615 328.0721689539748 0
325.9255699905527 329.5560128871627 1
324.70028589284385 330.0234258257555 1
328.3761381859703 330.36074676204515 0
329.60142228367914 330.62981669380446 0
332.0519904790968 333.1265147692302 0
333.2772745768056 334.1782057919767 0
330.82670638138796 334.7776187319365 1
335.72784277222325 336.92475469986783 0
334.50255867451443 337.16945558937687 1
336.9531268699321 337.90987617568993 0
338.1784109676409 338.9848854753697 0
340.62897916305855 341.69588855253534 0
339.4036950653497 341.9472947093344 0
344.304831456185 345.1558533716649 0
341.85426326076737 345.26673302555423 1
343.0795473584762 346.17550502302237 0
346.75539965160266 347.63127727183405 0
345.53011555389384 347.7793667759772 0
349.2059678470203 350.0970481745644 0
347.9806837493115 350.95641901112043 1
350.4312519447291 351.22790308043625 0
351.65653604243795 352.60292351078607 0
352.8818201401468 353.69627254626715 0
356.55767243327324 357.41497270801415 0
357.78295653098206 358.6370787548023 0
355.3323883355644 358.80433129169467 1
354.1071042378556 360.16892520430036 1
360.2335247263997 361.1853081773503 0
359.0082406286909 361.82406771566275 1
361.45880882410853 364.2757770296384 1
363.9093770195262 364.7735697294058 0
365.134661117235 366.30800436954047 0
362.68409292181735 367.01919688587066 1
366.3599452149438 368.6726839863691 0
367.58522931265264 369.28775906459543 0
371.2610816057791 372.1624675783865 0
368.81051341036147 372.69027639502826 1
370.0357975080703 373.1235772644303 1
372.48636570348793 373.4863599724388 0
373.71164980119676 374.51224269911233 0
374.9369338989056 375.9951657038543 0
376.1622179966144 377.20455997628625 0
377.3875020943232 378.3904139360493 0
378.61278619203205 379.63665979298054 0
379.83807028974087 382.5160021878771 1
383.51392258286734 384.310960754275 0
381.0633543874497 384.33209630862285 1
384.73920668057616 385.8473235947299 0
382.2886384851585 386.1394721737883 1
385.964490778285 387.69592652222445 0
387.1897748759938 388.23867531775284 0
388.4150589737026 391.1274533362222 1
390.8656271691203 391.70034075203404 0
389.64034307141145 392.32297270683716 1
393.3161953645379 394.5090957166372 0
392.0909112668291 395.36750475383275 1
394.54147946224674 395.67208468416305 0
395.76676355995556 396.7397942043243 0
396.9920476576644 397.88008195782487 0
399.44261585308203 400.50619239651047 0
398.2173317553732 401.2745925658449 1
400.66789995079085 401.51134441055547 0
401.8931840484997 402.75032136922533 0
403.1184681462085 406.7711965408895 1
404.3437522439173 407.2652868523431 1
408.0196045370438 409.2094655388116 0
406.79432043933497 409.91522738934907 1
410.47017273246144 411.3585326264944 0
405.56903634162614 412.43153507249366 1
411.69545683017026 412.5420031672411 0
412.9207409278791 413.85802996312503 0
415.3713091232967 416.4790694280125 0
416.59659322100555 417.4228566278304 0
414.1460250255879 417.6508927259791 1
417.82187731871437 418.66026054563343 0
409.2448886347526 419.7904151889177 1
420.272445514132 421.07370408534916 0
419.0471614164232 421.70507222814933 1
421.49772961184084 422.42425974461514 0
423.9482978072585 424.7580648732592 0
422.72301370954966 425.4262754298016 1
425.1735819049673 426.0601131790427 0
427.62415010038495 428.45771470567786 0
426.39886600267613 429.0423215505534 1
430.0747182958026 430.9323301136178 0
431.3000023935114 432.1178977985254 0
428.8494341980938 432.22381742391576 1
432.52528649122024 433.4559790044908 0
433.75057058892907 434.5601949519289 0
434.9758546866379 436.21300893753266 0
436.2011387843467 437.4141348476036 0
438.65170697976436 439.86456353682354 0
439.8769910774732 441.5798059510616 0
437.42642288205553 441.7445299829569 1
442.3275592728908 443.5161813740004 0
441.102275175182 444.8902989557015 1
443.55284337059965 446.55554360462105 0
446.0034115660173 446.83918853527194 0
444.77812746830847 449.4660114699681 1
449.67926385914376 452.4737239780297 0
452.1298320545614 452.94802349237256 0
448.45397976143494 453.5331004215051 1
447.2286956637261 455.61897873053397 1
454.58040024997905 455.8984090986792 0
450.9045479568526 457.67536783806236 1
453.3551161522702 458.90134139563014 1
458.2562525431055 459.71066877137486 0
459.48153664081434 460.365551837377 0
455.8056843476879 460.8221627816793 1
460.70682073852316 461.7189035049009 0
457.0309684453967 462.4437698232252 1
461.932104836232 462.80430212109394 0
463.1573889339408 463.9724130303666 0
465.60795712935845 466.65481647770355 0
464.38267303164963 466.6914939251454 0
469.2838094224849 470.6918892863771 0
468.0585253247761 470.7672061888698 1
466.8332412270673 470.87321117761843 1
470.50909352019374 471.4049616696128 0
471.73437761790257 474.9122582446207 0
472.9596617156114 476.5184144969126 1
475.41022991102903 478.19757489053944 1
476.63551400873786 478.56068578276154 0
477.8607981064467 479.0814169418698 0
479.0860822041555 480.4668684748855 0
474.1849458133202 481.3189019023833 r0
480.3113663018643 481.5430465816261 0
481.53665039957315 482.8835133266096 0
482.76193449728197 483.56408025414225 0
483.9872185949908 485.20112600530774 0
485.2125026926996 486.35943974862886 0
486.43778679040844 487.3094442363795 0
487.66307088811726 488.97886589053377 0
490.1136390835349 490.9430519308244 0
491.33892318124373 492.22837872621534 0
488.8883549858261 492.94089517928876 1
492.56420727895255 495.2065014522753 1
495.0147754743702 496.0644327623527 0
493.7894913766614 497.42772660902 1
497.46534366978784 498.26291875888666 0
496.240059572079 499.61393344199655 1
498.69062776749666 499.6483234017848 0
501.1411959629143 502.0551429560689 0
502.36648006062313 503.7976341185816 0
499.9159118652055 505.57979023650716 1
504.8170482560408 508.9488478500315 1
507.2676164514584 509.32212081665284 0
503.59176415833196 510.1980450316878 1
506.0423323537496 511.7702721942594 1
510.9434687445849 512.0459510153147 0
508.49290054916725 512.8964647161721 1
509.71818464687607 514.4571621888448 1
513.3940369400026 514.604920185605 0
514.6193210377114 515.9804742048188 0
512.1687528422938 516.7302981060731 1
515.8446051354202 518.7176015916191 1
517.0698892331291 519.8446223385481 1
518.2951733308379 521.3854145532965 1
519.5204574285467 521.6215393266616 0
523.1963097216732 524.3610492317802 0
520.7457415262555 525.4663082263643 1
524.421593819382 525.7223654909849 0
521.9710256239644 526.0439102223935 1
526.8721620147996 527.7749641514265 0
525.6468779170908 528.5051582043287 1
528.0974461125085 529.5681110858985 0
529.3227302102173 530.1992998395931 0
531.7732984056349 532.9725687541436 0
530.5480143079261 533.95322181549 1
532.9985825033438 534.1175061406078 0
534.2238666010526 535.26850316368 0
535.4491506987614 538.638071314262 0
537.899718894179 538.8166411291201 0
536.6744347964702 539.3237700653266 1
539.1250029918879 540.4697579561969 0
540.3502870895967 541.61048012959 0
541.5755711873055 542.5127730930861 0
542.8008552850143 543.7922643361163 0
544.0261393827232 545.1360993000886 0
545.251423480432 546.1096376140172 0
546.4767075781408 548.0630210083598 0
547.7019916758496 548.7896662545969 0
550.1525598712673 551.4295182654039 0
548.9272757735584 553.1184505115303 1
552.6031280666849 553.40594921188 0
551.3778439689761 554.0221856733614 1
555.0536962621026 556.1901911187373 0
553.8284121643937 556.8575315593583 1
556.2789803598114 557.6693061451948 0
557.5042644575202 559.1646234614562 0
558.729548555229 559.5335329318696 0
559.9548326529379 560.8314565863308 0
561.1801167506467 562.3954988390996 0
562.4054008483555 563.6157788070423 0
563.6306849460643 565.0042982053468 0
564.8559690437731 566.1269266735078 0
567.3065372391908 568.7925957268644 0
566.081253141482 570.1796830224554 1
569.7571054346084 570.8543013311507 0
568.5318213368996 571.6873371673274 1
570.9823895323173 571.8282239334567 0
572.2076736300261 573.4533690843153 0
574.6582418254437 575.9559108790204 0
573.4329577277349 576.697970703257 1
575.8835259231525 577.1317182542731 0
577.1088100208614 580.0389210045437 1
579.559378216279 580.4839619560937 0
578.3340941185702 582.1795032831916 1
582.0099464116967 582.8251331941964 0
583.2352305094055 584.4262146187846 0
584.4605146071143 585.3311935107077 0
585.6857987048231 586.4904461574226 0
580.7846623139878 587.4378837080761 r0
586.911082802532 587.9238323676724 0
588.1363669002408 589.5486032031995 0
589.3616509979496 592.7333817663421 1
590.5869350956584 594.4914131269636 1
595.4880714864937 596.6193519567396 0
591.8122191933672 597.184182115682 1
596.7133555842025 597.513289652059 0
593.0375032910761 597.6299925688884 1
597.9386396819114 598.8119747411495 0
594.2627873887849 600.5493237179332 1
599.1639237796202 601.8404100576132 1
600.389207877329 602.451321459061 0
602.8397760727466 604.2240591698345 0
601.6144919750378 604.8978420448489 1
604.0650601704555 605.0842414648471 0
605.2903442681643 606.417952494197 0
606.5156283658731 607.3930771722988 0
608.9661965612908 609.8076853929316 0
607.7409124635819 611.187742165817 1
611.4167647567084 612.2685817659926 0
610.1914806589996 613.4255804015587 1
612.6420488544172 613.4513501957938 0
616.3179011475437 617.3362477798407 0
615.0926170498349 617.9180071851325 1
618.7684693429613 619.6138552716304 0
613.867332952126 621.1676892595041 1
621.219037538379 622.8200121265589 0
619.9937534406702 622.915700045885 1
622.4443216360878 623.4411973125523 0
623.6696057337966 626.4821131844162 1
628.5707421246319 629.5253072344956 0
617.5431852452525 630.1296117653359 r0
624.8948898315055 632.1055826667566 1
626.1201739292143 633.0444729389421 1
632.2465944177584 633.1180728146363 0
633.4718785154672 634.3201233558989 0
627.3454580269231 635.7240986074187 1
629.7960262223407 636.165243093895 1
634.697162613176 636.2044005078529 0
635.9224467108849 636.8177971506021 0
631.0213103200496 638.7674181271776 1
638.3730149063025 639.4273196422013 0
637.1477308085937 641.5558335914146 1
639.5982990040113 642.2508500018065 1
640.8235831017201 642.3582764184035 0
642.048867199429 643.1705040788473 0
644.4994353948466 645.3196480050384 0
643.2741512971378 646.4796913871112 1
645.7247194925554 647.0193746693017 0
646.9500035902643 648.4278817799876 0
650.6258558833907 651.4740975739815 0
648.1752876879731 651.782502693838 1
649.4005717856819 652.9175554561511 1
651.8511399810995 653.3191716011594 0
653.0764240788084 653.9521281476816 0
655.526992274226 656.3940513272523 0
654.3017081765172 656.833393741739 0
656.7522763719348 659.4463118694699 1
657.9775604696437 660.6813274089089 1
660.4281286650613 661.5249081187002 0
659.2028445673525 662.2708930858104 1
661.6534127627701 662.9006350882909 0
662.878696860479 665.5530002597866 1
664.1039809581878 667.5886562511212 1
665.3292650558966 668.7899608023957 1
670.2304014467319 671.1978202670189 0
666.5545491536054 671.2512436733065 1
671.4556855444407 672.3460280813377 0
667.7798332513142 673.1225800819776 1
672.6809696421495 673.6778597479456 0
673.9062537398584 674.8841513576056 0
669.0051173490231 675.348051238515 1
675.1315378375672 676.0164562209176 0
676.356821935276 677.1752856700707 0
677.5821060329848 678.3957762334171 0
678.8073901306936 682.1750121738698 1
680.0326742284025 682.8916881178027 1
683.7085265215289 684.642732970819 0
682.4832424238201 684.929717503771 0
681.2579583261113 685.2438017570285 1
686.1590947169466 686.997140041309 0
687.3843788146554 688.2682616597002 0
684.9338106192378 689.0940253137326 1
688.6096629123642 689.476764406097 0
689.834947010073 690.9698500810379 0
692.2855152054907 693.2060675199716 0
691.0602311077819 693.8739135085572 1
693.5107993031995 694.5040648214342 0
694.7360834009083 695.8595009255457 0
695.9613674986172 696.7811148864906 0
697.186651596326 699.9346948518286 1
698.4119356940348 701.7628347963232 1
699.6372197917436 703.5638643240221 1
703.3130720848701 704.2751651180079 0
700.8625038894525 705.6282133835551 1
704.5383561825789 706.2489535540573 0
705.7636402802877 706.7127833511046 0
702.0877879871613 707.0486633189968 1
706.9889243779966 708.1025252976607 0
708.2142084757054 709.4714957954362 0
709.4394925734142 712.2969363134482 1
710.664776671123 713.5618960699355 0
713.1153448665407 714.2422674621548 0
711.8900607688319 714.5623747717251 1
714.3406289642495 715.5855694376627 0
715.5659130619583 716.4179064598803 0
716.7911971596671 717.9174944823227 0
718.016481257376 720.8219158356142 0
719.2417653550848 722.3159721518621 1
721.6923335505024 723.01819883763 0
720.4670494527936 724.026213664722 1
722.9176176482113 724.0516587360357 0
724.1429017459201 725.9937339451191 0
726.5934699413377 727.629935869704 0
725.3681858436289 730.4032110221902 1
727.8187540390466 730.9765035008585 1
731.494606332173 732.3372597675973 0
729.0440381367554 734.1746055729831 1
730.2693222344642 734.3704017758498 1
732.7198904298818 734.6843986271243 0
733.9451745275907 734.7436330638103 0
735.1704586252995 736.3422892274863 0
736.3957427230083 738.012564906065 0
737.6210268207171 739.1313405227037 0
738.846310918426 739.7919305963956 0
741.2968791138436 742.8925337774033 0
740.0715950161348 742.9282028303571 1
743.7474473092612 744.5649525586493 0
742.5221632115524 745.2430713104442 1
747.4232996023877 748.663753142452 0
744.9727314069701 748.8047455658509 1
746.1980155046789 751.6447192930286 1
748.6485837000965 752.4236096964306 1
752.324435993223 753.3226551743551 0
751.0991518955142 753.6144982215538 0
753.5497200909318 754.6147160099714 0
754.7750041886407 755.6630677792477 0
756.0002882863495 757.6363933818926 0
757.2255723840583 758.0735672300273 0
749.8738677978054 758.975874669235 1
758.4508564817671 759.2540490080256 0
759.6761405794759 760.5641484641656 0
760.9014246771848 761.8788120560337 0
762.1267087748936 763.5309569220846 0
763.3519928726024 764.7466294915386 0
764.5772769703112 765.874391622439 0
765.80256106802 766.7037282182959 0
769.4784133611465 770.3072357155804 0
767.0278451657289 770.3368128330646 1
768.2531292634377 770.6052075749012 0
770.7036974588553 772.085393032825 0
773.154265654273 774.0064963807192 0
771.9289815565642 775.344464869376 1
775.6048338496906 776.6800072017742 0
774.3795497519818 777.4686172234905 1
776.8301179473995 777.994354636589 0
778.0554020451083 779.3845424982836 0
779.2806861428171 780.3061770737273 0
780.5059702405259 781.5613140372986 0
781.7312543382347 783.2633018262324 0
782.9565384359436 783.9085101462006 0
784.1818225336524 785.0185899393855 0
785.4071066313612 786.4898576579221 0
786.63239072907 787.5794285550802 0
787.8576748267789 788.8887141328056 0
789.0829589244877 790.2718727191497 0
790.3082430221965 791.6051649236226 0
791.5335271199053 792.6359312014058 0
792.7588112176142 793.7106317632231 0
793.984095315323 795.0435530693632 0
795.2093794130318 796.0934765057656 0
796.4346635107406 799.1998394585826 1
798.8852317061583 799.8817532212752 0
800.1105158038671 801.0138046802848 0
801.3357999015759 802.2879035141536 0
797.6599476084494 802.9799275843278 1
802.5610839992847 805.3645670684413 1
805.0116521947024 805.8842585486556 0
803.7863680969936 806.7969927679894 1
806.2369362924112 807.2941466424097 0
807.46222039012 808.455186526859 0
808.6875044878288 809.5866566993435 0
809.9127885855377 811.0486691263736 0
811.1380726832465 812.2285136230051 0
813.5886408786641 814.6359393360786 0
814.813924976373 815.7923514626239 0
812.3633567809553 816.0154267355952 1
816.0392090740818 817.0457783919232 0
817.2644931717906 818.1770659216704 0
818.4897772694994 820.3914501580049 0
819.7150613672082 820.7081827699582 0
820.9403454649171 824.1278523106716 1
822.1656295626259 825.4963266151041 1
825.8414818557524 826.6519237707007 0
823.3909136603347 828.4210014482538 1
827.0667659534612 828.4469302537442 0
828.29205005117 829.0937269616512 0
824.6161977580435 829.5244796841944 1
829.5173341488788 830.4026392061176 0
830.7426182465877 831.5420792344821 0
831.9679023442965 832.8553300017187 0
833.1931864420053 833.9981787083399 0
834.4184705397141 835.2863565538687 0
835.643754637423 836.7734088765109 0
836.8690387351318 837.7604787050782 0
838.0943228328406 839.4770094558804 0
839.3196069305494 840.3568072153208 0
840.5448910282582 841.4619611590701 0
841.7701751259671 843.4725444056311 0
842.9954592236759 844.1790962719139 0
844.2207433213847 845.4914599435589 0
845.4460274190935 847.0256567999178 0
846.6713115168023 847.5586053104173 0
847.8965956145112 848.7673410957941 0
849.12187971222 850.2100379277629 0
850.3471638099288 851.2655157599505 0
851.5724479076376 852.4864992786387 0
852.7977320053465 854.0544860989305 0
854.0230161030553 855.1330697939686 0
855.2483002007641 856.1074433628531 0
856.4735842984729 857.7028507022466 0
857.6988683961818 858.5131267734012 0
858.9241524938906 859.8964320420301 0
860.1494365915994 860.9708970610258 0
861.3747206893082 862.1865461860729 0
862.600004787017 863.4888537012793 0
863.8252888847259 865.0660440104288 0
865.0505729824347 865.9263838431161 0
866.2758570801435 867.2783265646933 0
867.5011411778523 871.8590011926781 1
868.7264252755612 872.3372572514995 1
871.1769934709788 872.3919159414801 0
872.4022775686876 873.288762693055 0
873.6275616663964 874.7748787489177 0
869.95170937327 874.9280368544246 1
874.8528457641053 875.8011723491827 0
876.0781298618141 876.9445710522186 0
877.3034139595229 878.5933574578203 0
878.5286980572317 879.6319380443124 0
879.7539821549406 881.43347863423 0
883.429834448067 884.351365231568 0
880.9792662526494 884.7963509383869 1
882.2045503503582 885.2552601097449 1
884.6551185457758 885.9616677551877 0
888.3309708389023 889.8649652101267 0
885.8804026434847 889.8753548265987 1
889.5562549366111 890.8363270763915 0
890.78153903432 892.8304071611159 0
893.2321072297376 894.0521403834624 0
887.1056867411935 894.118653407 1
892.0068231320288 895.6999674133936 1
894.4573913274464 896.5273767576017 0
895.6826754251553 896.7384346097678 0
896.9079595228641 897.8321421416489 0
898.1332436205729 898.9354767153436 0
899.3585277182817 902.0036757586391 1
900.5838118159905 902.1646822669131 0
901.8090959136994 902.7667614148967 0
903.0343800114082 904.0321509196415 0
905.4849482068258 906.4599001710527 0
906.7102323045347 907.6332522090082 0
904.259664109117 908.3469547361786 1
907.9355164022435 908.8983165780847 0
909.1608004999523 909.9860094815901 0
910.3860845976611 911.4855895361557 0
911.61136869537 912.7037452889476 0
912.8366527930788 913.948320666635 0
915.2872209884964 916.6437045444283 0
914.0619368907876 917.4229870139711 1
917.7377891839141 918.5653644948984 0
916.5125050862052 919.4062314528245 1
920.1883573793317 921.8517960666237 0
918.9630732816229 922.751432628967 1
922.6389255747494 923.490363888608 0
921.4136414770405 924.3738289307413 1
923.8642096724582 924.6925992890582 0
925.089493770167 925.941117807814 0
926.3147778678758 927.2320581670699 0
927.5400619655846 928.7442318932132 0
928.7653460632935 929.7763281681679 0
929.9906301610023 931.2260359029239 0
931.2159142587111 932.3599988797137 0
932.4411983564199 933.6179908506992 0
933.6664824541288 934.4781824766446 0
934.8917665518376 936.6317903558955 0
936.1170506495464 937.612435805149 0
937.3423347472552 938.7322533136382 0
938.567618844964 939.761942785998 0
942.2434711380905 943.2697126958736 0
939.7929029426729 943.6757507560594 1
943.4687552357993 944.287997984979 0
941.0181870403817 944.7185330982118 1
944.6940393335082 946.365722439409 0
945.919323431217 947.0584602968844 0
947.1446075289258 948.0687361978378 0
948.3698916266346 949.2179471319986 0
949.5951757243434 950.4068548093222 0
950.8204598220523 951.625142918833 0
952.0457439197611 952.8694620816631 0
954.4963121151787 955.8111228513402 0
955.7215962128876 956.9246889595366 0
956.9468803105964 959.8060482955095 1
959.397448506014 960.2572836223605 0
953.2710280174699 960.3111050774592 r0
960.6227326037229 961.4500791295696 0
961.8480167014317 962.955405429488 0
958.1721644083052 963.8280300588906 1
964.2985848968493 965.0946062213569 0
963.0733007991405 965.7261863124647 1
965.5238689945581 966.4276057903647 0
966.749153092267 967.9558991697992 0
967.9744371899758 968.9910305090635 0
969.1997212876846 970.1837356118174 0
970.4250053853934 971.2820630085504 0
971.6502894831023 972.7335474823315 0
972.8755735808111 973.9475588618532 0
975.3261417762287 976.7980543449729 0
976.5514258739375 977.4089863063928 0
977.7767099716464 979.0554944364027 0
980.227278167064 981.0667568104543 0
974.1008576785199 981.883500068341 r0
981.4525622647728 982.3708854492863 0
979.0019940693552 982.430246676988 1
982.6778463624817 985.7367860540378 1
983.9031304601905 986.5719833619637 1
986.3536986556081 987.6703193647672 0
985.1284145578993 988.4078655910887 1
987.578982753317 990.5441156518272 1
990.0295509487346 990.9067823381052 0
988.8042668510258 991.8307159291865 0
991.2548350464434 993.2449525833283 0
992.4801191441522 993.2931347231807 0
996.1559714372787 997.046248698642 0
994.9306873395699 997.7274240953872 1
993.7054032418611 997.9322362131732 1
997.3812555349875 998.2167709818536 0
998.6065396326964 999.5445070155322 0
999.8318237304052 1000.8399652490473 0
