0.8869664021007745 3.1396407037415544 0
1.773932804201549 4.2457924554102116 0
2.2174160052519363 4.380309800866691 0
2.6608992063023233 5.556448676986496 0
3.1043824073527104 5.7595082023844375 0
4.434832010503872 6.687378537757404 0
3.5478656084030975 6.770817397485925 0
3.9913488094534846 6.97559284105062 0
4.878315211554259 7.4964183799324555 0
1.3304496031511617 7.859591444336985 r0
5.765281613655034 8.145437277285058 0
5.321798412604647 8.589999127294453 1
0.44348320105038724 8.655459487207427 r0
6.652248015755809 8.851206637653426 0
6.208764814705422 8.935930146855863 0
7.095731216806197 9.91149330157618 0
7.539214417856584 10.326278003722354 0
8.42618081995736 10.92215103480776 0
7.982697618906972 11.112097344109747 0
8.869664021007747 11.862473978367403 0
11.087080026259684 13.341621716884248 0
10.20011362415891 13.474564390567352 0
10.643596825209297 13.944111427740697 1
11.97404642836046 14.566147468958777 0
12.417529629410847 15.33236434630218 0
12.861012830461235 15.460658520377278 0
13.304496031511622 15.70919043227979 0
9.313147222058134 16.047391730282204 r0
9.756630423108522 16.79678784649369 r0
14.634945634662785 17.389836541843927 0
14.191462433612397 17.607526513134566 0
15.078428835713172 17.704535605296684 0
15.52191203676356 17.95821559521343 0
11.530563227310072 18.408068922129427 r0
15.965395237813947 18.59898190234795 0
16.852361639914722 19.61510944694191 0
17.29584484096511 19.920202867583985 0
13.74797923256201 20.387543190882862 r0
18.182811243065885 21.043413049742124 0
18.626294444116272 21.616324307863785 0
20.400227248317822 22.602294258068277 0
19.956744047267435 23.22732363433436 1
16.408878438864335 23.533966175750646 r0
20.84371044936821 23.579111913775066 0
21.730676851468985 24.352974838493264 0
17.739328042015497 24.814227089123406 r0
22.61764325356976 24.891073309753416 0
21.287193650418597 25.07491770587734 1
23.061126454620148 25.40181821407897 0
23.504609655670535 25.90471231168075 0
19.06977764516666 26.748554949800294 r0
24.835059258821698 27.029470842823695 0
25.278542459872085 27.428272504855066 0
24.39157605777131 27.517478402411104 0
23.948092856720923 27.944588053381626 1
19.513260846217047 27.969013908373633 r0
26.608992063023248 28.950740882280527 0
22.174160052519372 29.24582425433649 r0
27.495958465124023 30.181458617272153 0
27.052475264073635 30.484998560786575 1
27.93944166617441 30.569571230394967 0
28.382924867224798 30.8335828009693 0
28.826408068275185 31.169002024279333 0
29.269891269325573 31.922152406452927 0
25.722025660922473 32.358994149228316 r0
30.600340872476735 32.850668993053674 0
29.71337447037596 32.85274557736892 1
26.16550886197286 33.15160997610084 r0
30.156857671426348 33.22921210795671 0
31.043824073527123 33.348602785178066 0
31.930790475627898 34.088592375353656 0
31.48730727457751 34.656972722722394 1
32.81775687772867 35.12324741685775 0
32.374273676678285 35.30365466770745 0
33.26124007877905 35.522025399392305 0
34.14820648087982 36.35014649243511 0
34.591689681930205 36.74766440593108 0
35.03517288298059 37.656177851344054 0
36.36562248613174 38.509087834640106 0
36.809105687182125 39.41207145950693 0
37.25258888823251 39.56892204741759 0
37.69607208928289 39.89285713726115 0
33.70472327982944 40.125213082267535 r0
38.58303849138366 42.093027026352765 1
39.026521692434045 42.13806389703941 0
35.47865608403097 42.28296523348528 r0
40.3569712955852 42.79000449392735 0
35.92213928508136 42.806704752146985 r0
39.91348809453481 43.28677527221991 1
41.243937697685965 43.46090360878682 0
41.68742089873635 43.942208954877216 0
42.13090409978673 44.277706760067616 0
42.57438730083712 45.08091140760655 0
43.0178705018875 45.450928230140725 0
43.461353702937885 45.67527953619946 0
43.90483690398827 46.386517803344205 0
44.34832010503865 46.519928602763514 0
39.47000489348443 47.30347291122625 r0
45.23528650713942 47.42777503669946 0
38.13955529033328 47.76332975205842 r0
45.678769708189805 48.06312836275877 0
46.12225290924019 48.698095914486935 0
40.80045449663558 48.966088594858576 1
46.56573611029057 49.25818816752275 0
47.009219311340956 49.71776436631602 0
47.45270251239134 50.0572161992884 0
47.896185713441724 50.700128589258696 0
48.78315211554249 51.245045701993654 0
49.67011851764326 51.81572533407443 0
50.113601718693644 52.40483601113144 0
44.79180330608904 52.69291493970288 r0
50.55708491974403 53.08754332606428 0
49.226635316592876 53.185756894635915 1
51.00056812079441 53.54127235558467 0
52.331017723945564 54.48193359742016 0
51.88753452289518 54.7305952771277 0
52.77450092499595 54.93602073538681 0
48.33966891449211 55.59303114157627 r0
54.1049505281471 56.36714682617782 0
53.661467327096716 57.09511696111422 1
54.99191693024787 57.16378411020396 0
54.548433729197484 57.808095626343565 1
55.43540013129825 58.4047443949833 0
51.444051321844796 58.56946799283638 r0
56.32236653339902 58.56984213575159 0
55.878883332348636 58.77315005764029 0
56.765849734449404 59.083342099917175 0
57.20933293549979 59.396185959926434 0
57.65281613655017 59.98466237012465 0
58.53978253865094 61.70431083561368 0
58.983265739701324 63.15281391319711 1
60.75719854390286 63.74945855861738 0
61.64416494600363 63.89612551739319 0
53.21798412604633 64.02925794081673 r0
61.20068174495324 64.37432855709427 0
59.42674894075171 65.85279275149136 r0
63.41809775020516 66.03486536122259 0
59.87023214180209 66.38857520399466 r0
62.97461454915478 66.40258809917133 0
64.30506415230593 66.61818774520174 0
63.86158095125555 66.71914203359786 0
60.313715342852475 67.61991995586533 r0
58.096299337600556 67.72087270122299 r0
65.1920305544067 68.21006081469069 0
66.52248015755785 68.81132316201655 0
66.07899695650747 68.90030561922941 0
66.96596335860824 69.23320620995145 0
62.08764814705401 69.98345480577194 r0
67.40944655965862 70.44263686264534 0
67.852929760709 71.00866051668659 0
62.531131348104395 71.24305144270362 r0
69.18337936386015 71.8836144076769 0
69.62686256491054 72.02288478050454 0
68.73989616280977 72.05655143161121 1
68.29641296175939 72.06720388909001 0
64.74854735335632 72.41779612081105 r0
70.07034576596092 72.74295332003547 0
70.5138289670113 72.7781855658846 0
65.63551375545708 73.25011092429816 r0
70.95731216806169 73.71541159289768 0
71.84427857016246 74.56581001387642 0
71.40079536911207 74.944616611944 1
72.73124497226323 75.31317112194753 0
73.17472817331361 75.68245948250096 0
73.618211374364 75.90010430668497 0
74.06169457541438 76.60930884351853 0
74.94866097751515 77.55060760015637 0
74.50517777646476 77.89622184668217 1
75.83562737961591 77.99012199162225 0
76.2791105806663 78.91019395742647 0
76.72259378171668 79.22755914922011 0
72.28776177121284 79.34692276616718 r0
77.60956018381745 80.26002514838282 0
79.38349298801899 81.61099979982139 0
78.9400097869686 81.88036472571163 0
78.49652658591822 82.02236209475218 1
79.82697618906937 82.09789247427338 0
80.71394259117014 83.08229244163219 0
80.27045939011975 83.18107443481296 0
75.39214417856553 83.42538434696199 r0
81.6009089932709 83.88582028570141 0
77.16607698276707 84.68317042292306 r0
82.93135859642206 85.4025628627303 0
82.04439219432129 85.42314885970913 1
83.37484179747244 86.10083745904866 0
78.05304338486783 86.18741913472252 r0
83.81832499852283 86.97204184134279 0
84.7052914006236 87.42832669415141 0
81.15742579222052 88.28041918702425 r0
85.14877460167398 88.54875466262727 0
85.59225780272436 88.65677005717095 0
86.47922420482513 89.25016054196698 0
82.48787539537167 89.48234914874432 r0
86.92270740587551 90.04007608063012 0
87.3661906069259 90.61002436232928 0
87.80967380797628 91.14375211258772 0
88.25315700902667 91.39319458959841 0
84.26180819957321 91.93900320759349 r0
88.69664021007705 92.36673081685737 1
90.0270898132282 92.37551974192446 0
89.14012341112743 92.37838885816582 0
86.03574100377475 93.27152555807757 r0
90.47057301427859 93.28365658226552 0
89.58360661217782 93.30458956463272 1
91.80102261742974 94.09095922509374 0
92.24450581848012 94.87104098230364 0
93.57495542163127 95.86754072100989 0
93.13147222058089 96.15757267212607 0
94.01843862268166 96.51344669958557 0
94.90540502478243 97.25526429794581 0
96.23585462793358 98.37525728945808 0
95.7923714268832 98.4778005397513 0
91.35753941637935 98.67634704198592 r0
95.34888822583281 98.90523847389466 0
96.67933782898396 99.50207321711497 0
92.6879890195305 100.19587574802844 r0
97.12282103003434 100.74484131736043 1
98.00978743213511 101.05410240617444 0
98.89675383423588 101.61667386311339 0
99.34023703528626 101.67103090445748 0
97.56630423108473 101.79260030103138 1
90.91405621532897 101.82365893566008 1
100.22720343738703 102.69262663030116 0
99.78372023633665 102.78754348339619 0
100.67068663843742 102.99331347824754 0
101.1141698394878 103.42385208835638 0
94.46192182373204 104.01400650331776 r0
101.55765304053818 104.03373552521963 0
102.00113624158857 104.25077462516727 0
102.88810264368934 105.18051910466356 0
98.4532706331855 105.31727159392742 1
103.33158584473972 105.85090163842587 0
104.21855224684049 106.61358614793441 0
105.99248505104202 108.40672939177705 0
105.54900184999164 108.78142198563448 0
106.43596825209241 109.29166346284289 0
107.32293465419318 110.58494616498186 1
108.20990105629394 110.80353314172989 0
108.65338425734433 110.84556002946273 0
104.66203544789087 111.71076927435782 r0
102.44461944263895 111.71671252923582 r0
109.09686745839471 111.80734817759611 0
109.5403506594451 111.86465620317846 0
109.98383386049548 112.51869438559332 0
111.75776666469702 114.05935406265274 0
111.31428346364663 114.1462920867883 0
103.7750690457901 114.2071386150234 r0
112.2012498657474 114.91356362106143 0
107.76641785524356 114.97942322030632 r0
112.64473306679778 115.15981780260365 0
106.87945145314279 116.12511692052082 r0
113.97518266994894 116.26570908335133 0
114.41866587099932 116.67426015392032 0
114.8621490720497 117.5611172744915 0
115.30563227310009 118.1511714544967 0
113.08821626784817 118.64630386663369 1
116.63608187625124 119.23578800067209 0
105.10551864894126 119.39452841672546 r0
117.07956507730162 119.6129306315509 0
117.96653147940239 120.21523196683894 0
110.87080026259625 120.47288508229794 r0
118.85349788150316 121.58946403714032 0
119.29698108255354 121.85256668075958 0
110.42731706154586 121.87846693623446 r0
115.74911547415047 122.05484073011148 1
113.53169946889855 122.69228552716912 r0
119.74046428360393 122.88245232011381 0
120.18394748465431 123.05619111043168 0
121.07091388675508 123.75764750825024 0
121.51439708780546 124.67673518834029 0
121.95788028885585 124.71383447209058 0
122.40136348990623 125.06366829064218 0
122.84484669095662 125.36153843667309 0
118.41001468045278 125.81263296342316 r0
123.73181309305738 126.18941055312825 0
116.19259867520086 126.78532654940231 r0
124.61877949515815 127.35431363507156 0
120.6274306857047 127.38214147458508 r0
124.17529629410777 127.45439623401865 0
125.06226269620853 127.5967474026927 0
125.9492290983093 128.98714529510806 0
126.39271229935969 129.51096585275852 0
127.27967870146045 129.8391616148121 0
126.83619550041007 129.9280091118206 0
123.288329892007 131.06860762005252 r0
128.16664510356122 131.3368084281537 0
128.6101283046116 131.5464828884948 0
129.94057790776276 132.34215215055505 0
130.38406110881314 133.60088938040542 1
125.50574589725892 133.88865741528477 r0
131.7145107119643 134.1527967646866 0
132.15799391301468 135.13322556913758 0
132.60147711406506 135.33048700191532 0
133.04496031511545 135.9858902683244 0
133.48844351616583 136.3997053148457 0
134.3754099182666 136.53640570392938 0
133.93192671721621 136.6145785199369 0
131.2710275109139 136.80416410564666 1
117.52304827835201 136.94437534565668 r0
134.81889311931698 137.33458346098723 0
129.053611505662 137.89640711940407 r0
135.70585952141775 138.28208077631308 0
127.72316190251084 138.46176195062844 r0
136.59282592351852 139.09247575142658 0
136.14934272246813 139.23593165624592 0
137.0363091245689 139.7220124716214 0
137.4797923256193 140.18640075920493 0
130.82754430986353 140.29927821246264 r0
137.92327552666967 140.58246322932843 0
138.36675872772005 140.7421514524843 0
129.49709470671237 141.4101184262879 r0
138.81024192877044 141.65097787585816 0
139.25372512982082 142.0906858363351 0
140.1406915319216 142.70460070618893 0
139.6972083308712 142.82486411746675 1
140.58417473297197 142.87723181580085 0
141.02765793402236 143.3389451172918 0
141.47114113507274 143.75643734921601 0
141.91462433612313 144.37498946959292 0
135.26237632036737 145.28525213402042 r0
142.8015907382239 145.41013072827462 0
142.3581075371735 145.64770515838475 1
143.24507393927428 145.70366465155996 0
143.68855714032466 146.5641514879168 0
144.13204034137505 146.95711571900338 0
144.57552354242543 147.7634649995414 0
145.4624899445262 148.2639395309222 0
146.34945634662697 148.6903493198447 0
146.79293954767735 149.1620045954128 0
145.0190067434758 149.44739167463365 1
147.23642274872773 149.73123348308877 0
147.67990594977812 150.02127999959333 0
149.45383875397965 151.62224799990247 0
149.01035555292927 152.4367022300749 1
150.34080515608042 152.93598446971959 0
151.2277715581812 153.4661386548585 0
150.7842883571308 153.58283403676796 0
151.67125475923157 154.60492754151306 0
152.55822116133234 154.83727421209454 0
145.90597314557658 155.3176991937853 r0
148.1233891508285 155.72707168105114 r0
149.89732195503004 155.9808735173111 1
148.56687235187889 156.15467561049968 r0
153.4451875634331 156.41078857057596 0
153.8886707644835 156.80867099684846 0
154.77563716658426 157.2550629253097 0
155.21912036763464 157.51821959358813 0
155.66260356868503 158.03030308152725 0
156.1060867697354 158.37768020335002 0
152.11473796028196 158.6902900062851 1
153.00170436238272 159.0911274993322 1
156.5495699707858 159.3781405552892 0
156.99305317183618 159.39790522354713 0
154.33215396553388 159.8580620329912 1
157.88001957393695 160.5768957897937 0
157.43653637288656 161.25441464120456 1
159.2104691770881 161.6940331095013 0
158.76698597603772 161.95265827738635 1
159.65395237813848 162.3132091992234 0
160.09743557918887 162.99083788615604 0
160.54091878023925 163.039402571903 0
160.98440198128964 163.21717294530347 0
161.42788518234002 164.0060251913499 0
161.8713683833904 164.16433012528393 0
158.32350277498733 165.49062868137224 r0
162.75833478549117 165.73137281466697 0
163.20181798654156 165.835546999281 0
163.64530118759194 166.21975290007606 0
164.9757507907431 167.13979670418715 0
164.5322675896927 167.2678175642694 0
162.3148515844408 168.00469617304373 1
165.86271719284386 168.08684523136952 0
166.74968359494463 168.90369619817514 0
165.41923399179348 169.2799966201718 1
167.193166795995 169.38168124762254 0
167.6366499970454 170.4357682458708 0
168.08013319809578 170.58792729249228 0
168.96709960019655 171.31212962544103 0
168.52361639914616 171.38624724516728 0
164.08878438864232 172.0547351665761 r0
169.85406600229732 172.7997317547535 0
170.74103240439808 173.25467926079753 0
171.18451560544847 173.93420903775532 0
172.51496520859962 174.80830756947648 0
171.62799880649885 175.2798944462291 1
172.07148200754924 175.42808710968703 1
172.95844840965 175.86572545771617 0
173.4019316107004 175.9120310604035 0
173.84541481175077 176.0065983793339 0
166.30620039389424 176.3866611059462 r0
174.28889801280116 176.53699327746745 0
169.41058280124693 176.96090617803839 r0
174.73238121385154 177.01350268880333 0
175.17586441490192 177.52916683302115 0
175.6193476159523 178.81379560428303 0
176.0628308170027 178.90052140608884 0
176.50631401805308 179.49428106998968 0
177.39328042015384 180.18401043387746 0
176.94979721910346 180.46592129598957 1
177.83676362120423 180.623217737058 0
170.2975492033477 180.66536162707007 r0
178.2802468222546 181.70503587560793 1
178.723730023305 181.9656768856027 1
179.61069642540576 182.45198232143142 0
180.49766282750653 182.97284157205019 0
180.94114602855691 183.72564650246156 0
180.05417962645615 183.9307779505451 1
181.82811243065768 184.2972275977217 0
182.71507883275845 185.21577593757775 0
183.15856203380883 185.30199612988633 0
183.60204523485922 186.08148491722824 0
184.0455284359096 186.5506603262361 0
184.48901163696 187.33207752904352 0
184.93249483801037 187.5034636210911 0
185.37597803906075 187.60505836470406 0
186.26294444116152 188.6217595564862 0
181.3846292296073 189.01099888990754 r0
186.7064276422119 189.03480693159722 0
179.16721322435538 189.22857255659494 r0
182.27159563170807 189.42414063492768 r0
188.03687724536306 190.41029354646693 0
188.92384364746383 191.93862708369323 0
188.48036044641344 192.09502063177135 1
189.8108100495646 192.11073271701548 0
189.3673268485142 192.11125930224054 0
190.69777645166536 193.20458147581425 0
190.25429325061498 193.2206233359784 0
185.81946124011114 193.6286618067235 r0
191.14125965271575 193.68363081726483 0
191.58474285376613 194.226212202018 0
187.1499108432623 194.30460436215773 r0
192.0282260548165 194.42614923167233 0
192.4717092558669 194.72443165368713 0
192.91519245691728 195.6609083675929 0
187.59339404431267 195.6776645074654 r0
194.24564206006843 196.60609496220815 0
193.80215885901805 196.61834342608176 0
194.68912526111882 196.93733056715323 0
195.1326084621692 197.5717754034319 0
195.5760916632196 198.1444990922713 0
196.46305806532035 199.02611581208768 0
196.01957486426997 199.2623310829011 0
196.90654126637074 199.29079954580004 0
197.35002446742112 199.8835295467616 0
197.7935076684715 200.1199028617885 0
193.35867565796767 200.70162273584583 r0
198.2369908695219 200.863206768938 0
199.12395727162266 202.10254126343673 0
200.01092367372343 202.17281222161463 0
199.56744047267304 202.49504068588422 0
200.4544068747738 202.66598628467554 0
200.8978900758242 203.8142648520642 0
201.78485647792496 204.3343727871136 0
202.22833967897535 204.48499709411678 0
202.67182288002573 205.16667084373174 0
201.34137327687458 205.27244680053968 0
198.68047407057227 206.0781194430799 r0
204.88923888527765 207.6301208698257 0
203.1153060810761 207.95179226196274 1
206.2196884884288 208.49008562086908 0
206.66317168947919 208.86733970587747 0
205.77620528737842 209.1361997002999 1
204.44575568422727 209.70698848151824 1
207.10665489052957 210.29703668583807 0
207.99362129263034 210.66434426315217 0
208.43710449368072 210.82939402429886 0
203.5587892821265 211.21095013724823 r0
208.8805876947311 211.5729576148416 0
210.65452049893264 213.01483482162828 0
211.5414869010334 213.78335336297792 0
205.33272208632803 213.96167356401804 r0
212.42845330313418 215.1291179909838 0
207.55013809157995 215.13843270769635 1
204.00227248317688 215.1671649280491 r0
209.3240708957815 215.19631033560339 1
214.2023861073357 216.3888079011501 0
213.31541970523494 216.42510070553908 0
211.9849701020838 217.13849947143976 1
215.08935250943648 217.22904859036194 0
215.53283571048686 218.06505407634825 0
210.21103729788226 218.5222979189291 r0
216.41980211258763 218.7297105939018 0
215.97631891153725 218.8479792899343 0
216.86328531363802 219.50389128830088 0
217.3067685146884 220.24421587942845 0
218.19373491678917 220.67265573793836 0
212.87193650418456 220.879843467291 1
209.76755409683187 221.23790964047635 r0
211.09800369998302 221.5448538221542 r0
219.52418451994032 221.75327960119373 0
213.75890290628533 221.95555528132218 r0
220.85463412309147 223.2004527525515 0
220.4111509220411 223.26618965609788 0
219.9676677209907 223.33699154014312 0
221.74160052519224 224.13646659265424 0
214.6458693083861 224.5309265804239 r0
219.08070131888994 225.91885642175208 r0
223.0720501283434 226.1792443496917 0
222.628566927293 226.27275838850318 0
217.75025171573878 226.32868108608605 r0
223.51553332939378 226.41931100467204 0
224.40249973149454 226.72333214213106 0
218.63721811783955 227.01272637209638 r0
224.84598293254493 227.40299290580026 0
225.2894661335953 227.82152993333182 0
226.61991573674646 229.0864460427983 0
223.95901653044416 229.21222709634952 1
221.29811732414186 229.57046272995694 r0
227.95036533989762 230.30921195525397 0
226.17643253569608 230.36733071913537 1
227.50688213884723 230.47576087239858 0
228.393848540948 230.68345753888505 0
228.83733174199838 231.48581691486373 0
229.28081494304877 232.40178848758228 0
230.16778134514954 232.60365418020524 0
229.72429814409915 233.3935414906502 0
231.0547477472503 233.4141912850957 0
225.7329493346457 233.4332532683348 r0
231.4982309483007 234.51868643653887 0
230.61126454619992 234.58937059355594 1
227.06339893779685 234.96883665072318 r0
232.38519735040146 235.2894796410933 0
233.27216375250222 235.5848281976588 0
232.82868055145184 235.67916885497456 0
234.159130154603 236.35470394389526 0
233.7156469535526 236.5698662751774 0
234.60261335565338 236.8670799457622 0
231.94171414935107 237.50008763579686 1
235.04609655670376 237.6376975086586 0
235.48957975775414 237.8057173446417 0
222.18508372624262 237.81878468964385 r0
235.93306295880453 239.28919464394386 1
237.26351256195568 239.48445141713148 0
236.8200293609053 239.61762376560702 0
236.3765461598549 239.7437169272768 1
237.70699576300606 240.90595759459768 0
238.59396216510683 241.33526807865863 0
239.03744536615721 241.38750404873622 0
239.92441176825798 242.06377124582622 0
240.36789496930837 243.08724511188802 0
241.25486137140913 243.5543086871253 0
240.81137817035875 243.79139942828715 0
242.1418277735099 244.49570784356655 0
242.5853109745603 245.18026235437154 0
243.02879417561067 245.3115021979919 0
238.15047896405645 245.55804372551404 r0
243.47227737666105 245.79091561762195 0
243.91576057771144 246.23498856602427 0
244.8027269798122 247.10978764795644 0
244.35924377876182 247.27547574639271 0
245.2462101808626 247.61173965840786 0
245.68969338191297 248.4710884237362 0
246.57665978401374 248.72448709500256 0
247.4636261861145 250.33639095804003 0
248.35059258821528 250.78341898004155 0
248.79407578926566 251.48015948218952 0
249.23755899031605 252.02437178830093 0
239.4809285672076 252.66964277503578 r0
249.68104219136643 252.77158312491042 0
251.01149179451758 253.403344597562 0
250.5680085934672 253.48610540799157 0
251.45497499556797 253.66483749448167 0
247.02014298506413 253.7905226478248 r0
251.89845819661835 254.67915514633464 0
253.2289077997695 255.6615961767768 0
252.34194139766873 255.71079540396073 0
253.67239100081989 255.8136255029088 0
241.69834457245952 256.5678726141594 r0
254.11587420187027 256.6194199542917 0
252.78542459871912 257.2076890376687 1
254.55935740292065 257.73565920758955 0
247.9071093871649 257.87122335267685 r0
246.13317658296336 257.89601745426245 r0
256.77677340817263 259.0177971731392 0
257.22025660922304 260.22977893532965 0
250.1245253924168 260.31309331977855 r0
257.66373981027346 260.5103419238066 0
258.5507062123743 260.9372742143279 0
255.8898070060718 261.0492278984575 1
259.8811558155255 262.3644444057415 0
259.4376726144751 262.5058285694518 0
260.32463901657593 263.388282599194 0
258.10722301132387 263.51828675694213 1
261.21160541867675 263.6676843137427 0
255.44632380502142 263.7631893066979 r0
255.00284060397104 263.9186656016037 r0
260.76812221762634 263.9385602516114 0
262.542055021828 264.70275204182366 0
262.9855382228784 265.52846594815054 0
256.3332902071222 265.6551076798588 r0
263.87250462497923 266.3059693830811 0
264.31598782602964 266.88693124769947 0
263.4290214239288 267.2179657304552 1
258.9941894134247 267.5327067920803 r0
265.20295422813047 267.8443591550528 0
265.6464374291809 268.3124854899643 0
266.0899206302313 268.60126530345974 0
264.75947102708005 268.72206357215003 1
266.5334038312817 268.8997714983767 0
261.65508861972717 269.3679745324528 r0
266.9768870323321 270.0456498066556 0
267.86385343443294 270.1715976834611 0
262.0985718207776 270.4342391702137 r0
268.30733663548335 270.9599887218529 0
268.75081983653376 271.86437342378923 0
270.9682358417858 273.1594742355262 0
269.6377862386346 273.36940409799024 1
271.41171904283624 273.9178769417433 0
267.4203702333825 273.92663238851355 r0
271.85520224388665 274.11480243229903 0
270.081269439685 275.3469556895684 1
272.29868544493706 275.43440801742867 0
273.1856518470379 275.8528567002898 0
270.5247526407354 276.2937090303579 1
273.6291350480883 276.52515242721944 0
269.1943030375842 277.0577036729935 r0
274.0726182491387 277.5095248868196 1
274.95958465123954 278.15837742574445 0
275.40306785228995 278.17326745006244 0
276.2900342543908 278.87420434259417 0
272.7421686459875 279.79762705164694 r0
278.0639670585924 280.425936947362 0
277.620483857542 280.6468545641843 0
278.50745025964284 281.0472864274492 0
274.5161014501891 281.0645747173973 r0
278.95093346069325 281.8208101811652 0
275.84655105334036 282.65935299916197 r0
280.2813830638445 283.16282930421727 0
280.7248662648949 283.23658087317756 0
281.1683494659453 283.4177063312529 0
279.8378998627941 283.4726064996577 0
276.7335174554412 283.88535301017095 r0
281.6118326669957 284.19426948561056 0
277.1770006564916 284.61959166621125 r0
282.49879906909655 285.70745487438023 0
282.94228227014696 285.94610681327055 0
284.2727318732982 286.92907079866825 0
283.3857654711974 287.45252962938076 1
279.39441666174366 287.57093302720864 r0
284.7162150743486 288.1253271616477 1
285.159698275399 288.240647167699 0
285.60318147644944 288.35457483281135 0
286.9336310796007 289.08824533068656 0
282.05531586804614 289.58548859817637 r0
287.3771142806511 290.39718336693653 0
283.8292486722478 291.0445621464029 r0
289.59453028590315 292.28816151071703 0
290.03801348695356 292.68143610477216 0
286.04666467749985 292.8919572870982 r0
286.49014787855026 292.93990078274646 r0
290.9249798890544 293.8399839644075 0
291.3684630901048 294.5044483936502 1
292.2554294922056 294.61297578892936 0
287.8205974817015 294.7444155690572 r0
293.14239589430645 295.4327915281577 0
292.69891269325603 295.5400623548849 0
293.58587909535686 296.778235808625 0
294.4728454974577 297.01512022579806 0
288.7075638838023 297.52869756436695 r0
294.9163286985081 297.8619199605826 0
288.2640806827519 298.07064097127574 r0
290.481496688004 298.13657919995046 r0
295.8032951006089 298.2547686601117 0
296.24677830165933 298.9197984095579 0
296.69026150270975 299.53333556605713 0
297.13374470376016 299.9896335431712 0
289.15104708485273 300.074281096275 r0
297.57722790481057 300.1167035340627 0
298.020711105861 300.55819112058975 0
291.8119462911552 301.1559950545133 r0
298.9076775079618 301.29061296268145 0
298.4641943069114 301.7018221238675 0
299.3511607090122 301.70596678469525 0
294.02936229640727 302.43190120528465 r0
299.79464391006263 302.51965375371276 0
300.23812711111304 302.63956228686976 0
300.68161031216346 303.4684348382942 0
301.12509351321387 303.6356781709903 0
302.0120599153147 304.1829274937429 0
295.3598118995585 304.271869068803 r0
301.5685767142643 304.74309715843685 0
302.4555431163651 304.83862148537395 0
302.8990263174155 305.55670041249414 0
303.78599271951634 306.29730390757913 0
303.34250951846593 306.4909964586982 0
304.22947592056676 306.62947179034205 0
304.67295912161717 307.1218247340936 0
305.1164423226676 307.65533521608904 0
305.559925523718 308.36307709860915 0
306.0034087247684 308.7854831483511 0
306.4468919258188 309.1869571505929 0
306.89037512686923 309.3771198709219 0
307.33385832791964 309.90386179233275 0
308.22082473002047 310.6701831201755 0
307.77734152897006 310.7566302224791 0
309.1077911321213 311.3869867648807 0
308.6643079310709 311.57177992605807 0
309.9947575342221 312.28977962805595 0
310.88172393632294 313.1171204380541 0
311.32520713737335 313.7472194746853 0
311.76869033842377 314.7270948028855 0
313.099139941575 315.2434709375137 0
312.2121735394742 315.8038186468837 1
313.5426231426254 315.88417517246285 0
312.6556567405246 316.355837047332 1
314.42958954472624 317.18813773231574 0
310.43824073527253 317.7066328185773 r0
315.7600391478775 318.06366330551646 0
316.6470055499783 318.79178831364374 0
314.87307274577665 319.0701903080208 1
309.5512743331717 319.2330500264075 r0
317.0904887510287 319.7107486511651 0
318.86442155523036 321.0168213018009 0
313.98610634367583 321.4234285168504 r0
319.3079047562808 321.6990467949319 0
318.42093835417995 321.9876087659815 1
320.1948711583816 322.55022099060415 0
320.638354359432 322.89670602481505 0
316.2035223489279 323.14010772742125 r0
315.31655594682707 323.31536980860477 r0
321.0818375604824 323.5313282272441 0
321.96880396258325 324.13783628323756 0
323.2992535657345 325.52782193409956 0
322.8557703646841 325.78416364963573 0
324.1862199678353 326.7686831510179 0
324.6297031688857 327.15024131517987 0
321.52532076153284 328.32221949261185 r0
326.8471191741378 329.24995848875415 0
317.5339719520791 329.69707471802906 r0
327.2906023751882 329.8612244402054 0
317.97745515312954 330.1780385911547 r0
328.177568777289 330.31654668372744 0
325.51666957098655 331.7554957809637 1
329.50801838044026 331.8336537473233 0
328.62105197833944 331.85332311683555 0
330.3949847825411 332.5751763146584 0
319.7513879573312 332.8880925825812 r0
322.41228716363366 333.21523181413943 r0
326.4036359730874 333.37907045409014 1
331.2819511846419 333.4662153791578 0
331.7254343856923 334.10793198340275 0
332.16891758674274 334.57281839653854 0
323.7427367667849 335.7244688857604 r0
333.499367189894 335.9180709823719 0
325.07318636993614 336.15328012275904 r0
329.06453517938985 336.8009997764953 1
334.3863335919948 336.90745622958895 0
325.96015277203696 337.08159280759196 r0
335.2732999940956 337.42600598907785 0
334.8298167930452 337.4684880463458 0
335.71678319514604 337.9063985353132 0
336.16026639619645 339.0042702025031 0
336.60374959724686 339.127697434985 0
337.0472327982973 339.20514379247675 0
329.9515015814907 339.2598013381635 1
337.4907159993477 339.84995462306625 0
327.7340855762386 339.9384403615985 r0
337.9341992003981 340.30485883008504 0
333.05588398884356 340.7024940459813 1
332.61240078779315 340.76927153810976 1
338.3776824014485 341.37237986733277 0
339.26464880354933 341.50391088801683 0
338.8211656024989 341.5949282796133 0
339.70813200459975 342.2597741964029 0
333.9428503909444 342.37522588320223 1
340.5950984067006 343.4820116820557 0
341.038581607751 343.5921944921099 0
330.8384679835915 343.7048334734098 r0
341.4820648088014 343.87825314023024 0
341.9255480098518 344.3976450174337 0
342.3690312109022 344.6655865370774 0
343.25599761300305 345.8392039997878 0
342.81251441195263 345.8507765019277 0
343.69948081405346 346.6416873138503 0
340.15161520565016 346.9196320252713 r0
345.0299304172047 347.4479397500339 0
345.9168968193055 348.3866898079824 0
346.36038002035593 348.58117621225284 0
345.4734136182551 349.58584708138636 1
347.69082962350717 349.95741882205516 0
344.14296401510387 350.0677787856797 1
347.24734642245676 350.23698318787854 0
348.577796025608 350.77156379777415 0
348.1343128245576 350.9112780866814 0
349.0212792266584 351.51553483358623 0
349.90824562875923 352.15339286278254 0
349.4647624277088 352.2666662537325 0
344.5864472161543 352.4564704752898 r0
350.79521203086006 353.2512734234551 0
346.80386322140635 353.4332203877468 r0
351.6821784329609 354.0182818277445 0
352.1256616340113 354.47280944245074 0
352.5691448350617 354.7150182809437 0
353.45611123716253 355.79804485855004 0
353.89959443821294 356.34098912673346 0
350.35172882980964 356.97281308773313 r0
354.78656084031377 357.38426467645905 0
354.34307763926336 358.3080308393974 1
356.5604936445154 358.9336637878085 0
355.2300440413642 359.74203471505876 1
355.6735272424146 360.1584261402625 1
358.33442644871707 360.571366374352 0
359.2213928508179 361.40647350568446 0
358.7779096497675 361.74273127419457 0
360.1083592529187 362.2515262373014 0
353.0126280361121 362.4053877150039 r0
351.23869523191047 362.73778211120805 r0
357.89094324766666 363.4654258843913 1
356.117010443465 363.81619709301907 r0
361.43880885606995 363.8802654384293 0
361.88229205712037 364.3757015141713 0
362.3257752581708 364.5212449350001 0
359.6648760518683 365.5597048004862 1
357.00397684556583 366.16670072608406 r0
363.656224861322 366.1774228951436 0
364.09970806237243 366.85805328329224 0
357.44746004661624 366.96474293224964 r0
365.43015766552367 368.1089893374056 0
360.99532565501954 368.4099545028173 1
360.55184245396913 368.7968343367656 r0
366.7606072686749 369.06619543284467 0
367.2040904697253 370.01746023309516 0
363.2127416602716 370.39972433791297 r0
368.09105687182614 370.40279622820816 0
362.7692584592212 370.54930123482995 r0
367.6475736707757 370.92262367913526 0
368.97802327392696 371.94910179430326 0
369.4215064749774 372.142876404097 0
364.98667446447325 372.5462767125953 r0
369.8649896760278 372.624472801058 0
364.54319126342284 372.76548519172826 r0
370.3084728770782 373.1311978088425 0
370.7519560781286 373.4757564793915 0
366.3171240676245 373.77877524715365 r0
371.63892248022944 374.37776361597463 0
372.52588888233026 375.0846510058599 0
365.8736408665741 375.54383283126066 r0
373.4128552844311 375.667129946589 0
373.8563384854815 376.82545252190687 0
368.53454007287655 377.12633446074267 r0
374.7433048875823 377.28180102707 0
372.08240568127985 377.5508897659024 1
375.18678808863274 377.7425158433393 0
375.63027128968315 377.93012921044965 0
372.9693720833807 378.4720193350183 1
374.2998216865319 378.9370952028624 1
376.517237691784 379.1754876437869 0
376.9607208928344 379.26831566251485 0
377.8476872949352 380.41288564074836 0
378.2911704959856 380.4949515143436 0
371.195439279179 380.83400240162 r0
378.73465369703604 381.82153930960254 0
379.17813689808645 382.4309627598952 1
376.07375449073356 383.11946419017875 r0
380.9520697022881 383.21661518931654 0
379.62162009913686 383.29848670563524 1
381.3955529033385 383.7049609740335 0
381.8390361043889 384.06776291298024 0
380.0651033001873 384.76286397916886 1
382.28251930543934 384.9521645410606 0
383.16948570754016 385.95225016911206 0
384.056452109641 386.2555319154067 0
382.72600250648975 386.4750424800018 1
377.4042040938848 386.5142654090588 r0
384.9434185117418 387.24630872668035 0
383.6129689085906 388.0092862168175 1
385.83038491384264 388.65944432025 0
380.5085865012377 388.704045892127 r0
386.27386811489305 388.72354338124995 0
386.71735131594346 389.21877569001197 0
387.1608345169939 389.5583182564739 0
385.3869017127922 390.2789957634296 1
387.6043177180443 390.6649591194463 0
388.0478009190947 390.6803546879771 0
388.4912841201451 391.2789665550038 0
384.4999353106914 391.5203674179965 r0
389.82173372329635 392.0603333588499 0
388.9347673211955 392.08323783405194 0
389.37825052224593 392.4583429641868 0
390.26521692434676 393.2936896885085 0
391.1521833264476 394.01818039669115 0
391.595666527498 394.75967823932297 1
392.92611613064923 396.0848503108418 0
392.0391497285484 396.5124292504323 1
394.7000489348509 397.5172589964806 0
395.5870153369517 398.02990174783656 0
393.81308253275006 398.65824838034257 1
396.0304985380021 399.0430836466539 0
392.4826329295988 399.19212311721833 r0
390.7087001253972 399.4243313242831 r0
396.91746494010295 399.7456562215107 0
397.36094814115336 400.08365567743783 0
393.36959933169965 400.4830822831641 r0
398.2479145432542 400.59809636619866 0
397.80443134220377 400.66688959014647 0
399.134880945355 401.9116931471757 0
398.6913977443046 401.93355240127914 0
400.46533054850624 402.8594879471061 0
400.02184734745583 402.8779871863112 0
395.1435321359013 403.1770738931679 r0
400.90881374955666 403.42816571764473 0
396.47398173905253 403.50089756389485 r0
394.25656573380047 403.75136209443417 r0
401.7957801516575 404.0783291306597 0
403.1262297548087 405.33359260933366 0
402.6827465537583 405.53663239573655 0
402.2392633527079 405.7670526736355 1
404.45667935795996 406.7002061499731 0
404.01319615690954 406.7064916235033 0
405.3436457600608 408.3161181930735 0
405.7871289611112 408.881218618508 0
406.674095363212 409.62392864483996 0
403.56971295585913 410.25532790525693 r0
399.5783641464054 410.5926161093979 r0
401.35229695060707 410.82254886615306 r0
408.44802816741367 411.3240929995743 0
404.90016255901037 411.6207583337529 r0
408.8915113684641 411.854735034052 0
409.7784777705649 412.2629511416478 0
410.2219609716153 412.592762536342 0
409.3349945695145 413.4571320827583 1
411.55241057476655 414.13874347484096 0
411.10892737371614 414.17250510886686 0
411.99589377581697 414.22454775633076 0
406.2306121621616 414.6507847842792 r0
412.4393769768674 415.08270449705526 0
412.8828601779178 415.3824764144067 0
413.7698265800186 416.4939733064544 0
407.56106176531284 416.65606881570653 r0
408.00454496636326 417.0113136403927 r0
413.3263433789682 417.01859733940023 0
414.21330978106903 417.2002045380476 0
410.66544417266573 417.87985025353004 r0
407.11757856426243 417.9602583834098 r0
415.10027618316985 418.01799201300173 0
415.54375938422027 418.54331003867907 0
415.9872425852707 419.1712411922785 0
416.4307257863211 419.6332254966133 0
416.8742089873715 420.0738613231377 0
418.20465859052274 420.6663123263587 0
417.3176921884219 421.04753484587184 0
417.7611753894723 421.0646226870098 1
414.65679298211944 421.08556610740794 r0
419.09162499262357 421.7652539071722 0
419.535108193674 422.27123784376965 0
419.9785913947244 422.79351184773685 0
420.8655577968252 423.2803891010465 0
421.75252419892604 424.04496271654926 0
421.3090409978756 424.4660663885442 0
418.64814179157315 425.06281921205374 r0
422.63949060102686 425.27890965438394 0
423.0829738020773 425.48096675952087 0
423.5264570031277 426.2946731690439 0
423.9699402041781 426.3864856568632 0
424.4134234052285 426.6990528621863 0
420.4220745957748 427.2191157322407 r0
425.30038980732934 427.63916086617076 0
424.8569066062789 427.84532065249516 0
425.74387300837975 428.57292352944336 0
426.18735620943016 428.7290341655459 0
426.6308394104806 428.7910572366011 0
422.19600739997645 429.1240895018426 r0
427.5178058125814 430.78456218402135 0
427.9612890136318 430.8022492101049 0
429.73522181783346 432.455965004129 0
430.6221882199343 433.0483169567727 0
427.074322611531 433.54111311255696 r0
428.84825541573264 433.9378254223725 1
431.5091546220351 434.15194329341284 0
431.9526378230855 435.3275269881642 0
428.4047722146822 435.50644185039306 r0
433.28308742623676 435.8820123814941 0
432.83960422518635 436.1376728658245 0
433.7265706272872 436.38092124189524 0
429.29173861678305 436.61542680397906 r0
434.1700538283376 436.87535997311596 0
431.0656714209847 437.6853376103078 r0
434.613537029388 437.8198714466411 0
430.1787050188839 438.0468786718784 r0
435.5005034314888 438.08501718042453 0
435.94398663253924 438.34814254547365 0
436.38746983358965 438.653572815172 0
436.83095303464006 439.1009383454395 0
432.39612102413594 440.2736763026321 r0
437.7179194367409 440.4639779999933 0
437.2744362356905 440.4929599535313 1
438.6048858388417 441.241417530925 0
439.93533544199295 442.148596494881 0
439.49185224094253 442.2631066998283 0
438.1614026377913 442.28393121585975 1
435.0570202304384 442.8393052429808 r0
439.0483690398921 443.3914159266522 1
441.7092682461946 443.87555604127425 0
442.5962346482954 444.8537927396987 0
443.48320105039625 446.16218000545825 0
443.92668425144666 446.3317877936168 0
443.03971784934583 446.3840011867518 0
440.37881864304336 446.80494976690255 r0
444.37016745249707 447.2636601692061 0
440.8223018440938 447.42609167033305 r0
445.2571338545979 447.7983835474097 0
441.2657850451442 448.5404458708221 r0
447.47454985984996 449.7119789983856 0
447.91803306090037 450.10158324335225 0
448.3615162619508 450.77229052397144 0
447.03106665879955 451.2460895949158 1
444.8136506535475 451.2944495889711 r0
449.2484826640516 451.95036003062893 0
445.7006170556483 452.75628284160206 r0
450.13544906615243 453.13562442778453 0
451.46589866930367 453.66611090304247 0
449.691965865102 454.40088254372876 1
451.9093818703541 454.74409633022 0
452.7963482724549 455.40888711805985 0
453.2398314735053 456.02666561813896 0
453.68331467455573 456.0652384229487 0
446.58758345774913 456.4680898727781 r0
454.12679787560614 456.5029734066275 0
446.1441002566987 456.60987494705444 r0
454.57028107665656 457.11887497844793 0
455.01376427770697 458.07294351953715 0
442.152751447245 458.2664475816862 r0
455.9007306798078 458.2734200944455 0
456.3442138808582 458.7639805636307 0
448.8049994630012 458.80790395912675 r0
456.7876970819086 459.4638123581915 0
457.23118028295903 460.10251024785293 0
458.11814668505986 460.74848213691286 0
450.57893226720284 460.9568944780086 r0
451.02241546825326 461.13584867888966 r0
459.0051130871607 461.3859344989139 0
452.3528650714045 461.61256905304066 r0
458.56162988611027 461.7383396952344 0
459.8920794892615 462.31389758638693 0
460.3355626903119 462.91207321469557 0
461.22252909241274 463.6585349067218 0
460.77904589136233 464.1769258886363 0
455.4572474787574 464.4171319006332 r0
457.67466348400944 464.5045116863225 r0
462.552978695564 465.15855766574606 0
462.10949549451357 465.3434610172498 0
462.9964618966144 465.471246603784 0
463.4399450976648 465.95059791464894 0
459.4485962882111 466.21780357178386 r0
465.21387790186645 467.54539194892556 0
464.77039470081604 467.87766687828315 1
465.65736110291687 467.90273938691104 0
464.32691149976563 468.0368776400705 0
466.1008443039673 468.29278552463774 0
461.66601229346315 468.71125770065754 r0
466.9878107060681 469.8845740633009 0
467.4312939071185 470.2204258993153 0
463.8834282987152 470.69037423533797 r0
467.8747771081689 470.96637044293703 0
468.31826030921934 471.01083529566984 0
469.20522671132017 471.9065248677573 0
469.6487099123706 472.89207790294483 0
470.5356763144714 473.2024141637486 0
466.5443275050177 473.26408068106946 r0
471.86612591762264 474.1424016465955 0
470.9791595155218 474.61121908286384 1
472.75309231972346 474.9828821615508 0
468.76174351026975 475.170599047579 r0
471.4226427165722 475.3337877673473 1
474.0835419228747 476.86163770197163 0
470.092193113421 477.1197204082099 r0
474.9705083249755 477.238371371183 0
473.6400587218243 477.75948071571275 1
475.85747472707635 478.1060242324922 0
476.7444411291772 479.1276071389071 0
474.5270251239251 479.128947882185 1
477.1879243302276 479.4980761106611 0
472.30960911867305 479.6137007444349 r0
477.631407531278 479.9408794813706 0
478.0748907323284 480.6704513429101 0
478.5183739333788 481.17098254086903 0
473.1965755207739 481.48218826668773 r0
476.30095792812676 481.87884017798 1
479.40534033547965 482.1462784528263 0
475.41399152602594 482.682474491145 r0
480.7357899386309 482.9726676026604 0
481.1792731396813 483.954622282934 0
482.50972274283254 484.6952421023519 0
480.2923067375805 484.8145364815098 1
482.0662395417821 484.8970356747755 0
482.95320594388295 485.58869772262335 0
483.39668914493336 485.94968829422623 0
483.8401723459838 486.27242412850563 0
478.96185713442924 486.5561501828174 r0
479.84882353653006 486.69244668530274 r0
484.2836555470342 487.10488768164686 0
485.6141051501854 488.0074764591402 0
486.50107155228625 488.6877212991732 0
481.6227563407317 488.9692846466805 r0
486.94455475333666 489.38363000796846 0
486.05758835123584 489.5721768277151 1
487.3880379543871 490.17713721444835 0
487.8315211554375 491.0082160424992 0
484.7271387480846 491.23421724470313 r0
489.1619707585887 491.365462651379 0
488.7184875575383 491.5282428023136 0
489.60545395963914 491.76039125159843 0
485.170621949135 492.2031632668558 r0
490.04893716068955 492.4851887327564 0
490.9359035627904 493.24680722004774 0
488.2750043564879 493.5953975140347 1
491.8228699648912 494.291168370418 0
491.3793867638408 494.35583187488743 0
492.2663531659416 494.53896918685336 0
493.15331956804243 495.6314393230153 0
493.59680276909285 496.6723261964718 0
494.48376917119367 496.6908223036172 0
494.04028597014326 497.09029158099804 0
490.49242036173996 497.1021159556265 r0
494.9272523722441 497.35900812889315 0
495.3707355732945 498.0085010590912 0
495.8142187743449 498.844848658049 0
496.70118517644573 498.95911410776733 0
496.2577019753953 499.0224149475736 0
497.14466837749615 499.8000188887674 0
497.58815157854656 500.10941656191903 0
498.03163477959697 500.4117718289155 0
492.709836366992 500.5104620080663 r0
499.3620843827482 502.3022649008604 0
498.9186011816978 502.6878319486827 1
500.69253398589944 502.84862923477044 0
499.8055675837986 502.938560979564 1
501.13601718694986 503.4758450090862 0
501.57950038800027 504.06585937379174 0
502.0229835890507 504.37101207659464 0
503.3534331922019 505.57190916616895 0
498.4751179806474 505.64436427750854 r0
502.9099499911515 505.8309673543675 0
503.79691639325233 506.59542396509084 0
502.4664667901011 507.0439805032527 1
504.68388279535316 507.28681913925976 0
504.24039959430274 507.36390229164516 0
505.12736599640357 507.3651865351105 0
500.24905078484903 507.45558876919677 r0
505.570849197454 508.70244656826327 0
506.4578155995548 508.9136291044664 0
506.9012988006052 509.9596270200033 0
507.78826520270604 510.3564517012441 0
508.67523160480687 511.1336358217293 0
508.23174840375646 511.25580692948523 0
510.0056812079581 512.2875842949971 0
509.1187148058573 513.0473702113425 1
510.89264761005893 513.4952115807307 0
507.34478200165563 513.7659451032594 r0
510.4491644090085 513.887911216195 1
511.77961401215975 513.9968713599324 0
506.0143323985044 514.8177570890253 r0
512.2230972132102 515.2671268091837 0
513.110063615311 515.4908226761876 0
511.33613081110934 516.3044963939333 1
513.9970300174118 516.9444170091024 0
514.8839964195126 517.260492463824 0
512.6665804142606 517.271950933175 1
515.327479620563 517.5345609774807 0
509.5621980069077 517.5711856750698 r0
515.7709628216135 518.0202510851545 0
516.2144460226639 518.4125253667838 0
513.5535468163614 518.7105760459273 1
516.6579292237143 519.3121909523568 0
517.5448956258151 520.0124663715405 0
514.4405132184622 520.9888777343475 r0
517.9883788268655 521.0669757912051 0
518.8753452289664 521.2927024336047 0
519.3188284300168 521.744275373047 0
519.7623116310672 522.7166363981867 0
520.2057948321176 522.9569747568461 0
520.649278033168 523.4745838244266 0
517.1014124247647 523.7748762475485 r0
521.5362444352688 524.0489476339221 0
521.0927612342184 524.2475168195791 1
522.8666940384201 525.3157261958221 0
522.4232108373697 525.4747125693157 0
518.4318620279159 525.6648425555435 r0
523.3101772394705 527.3252919902709 1
524.1971436415713 527.4730285907642 1
524.6406268426217 527.5547311492513 0
525.0841100436721 528.1253745108754 0
521.9797276363192 528.5246492740025 r0
526.4145596468234 528.5736808005355 0
525.5275932447225 528.6397431752026 0
525.971076445773 529.0170946130615 0
526.8580428478738 529.187990968083 0
523.7536604405209 530.3914810795801 r0
527.7450092499746 530.6046688986754 0
528.188492451025 530.7175406852131 0
529.0754588531258 532.0913974810093 0
529.9624252552267 532.847911054067 0
529.5189420541763 533.2554300749515 1
530.8493916573275 533.321386752939 0
531.2928748583779 533.5725000121737 0
527.3015260489242 534.1470255060988 r0
530.4059084562771 534.9410302911897 1
531.7363580594283 535.2504658791544 1
533.51029086363 535.7535472104837 0
533.9537740646804 536.1656364140886 0
533.0668076625795 536.2069242287886 0
534.3972572657308 536.8153310264383 0
534.8407404667812 537.0419957578539 0
532.1798412604787 537.2837721120221 1
528.6319756520754 537.3670630027565 r0
535.2842236678316 538.1697406127497 0
535.727706868882 538.7325497800555 0
536.6146732709828 539.7879398480947 0
537.9451228741341 540.196572588938 0
536.1711900699324 540.3268584598046 1
532.6233244615291 540.3640398477884 1
537.0581564720333 540.6724676282024 1
537.5016396730837 540.8952543314529 1
538.3886060751845 540.9705166271551 0
538.8320892762349 541.0423949524533 0
539.2755724772853 541.4312385742655 0
539.7190556783357 541.9494137645555 0
540.1625388793861 542.4099037631257 0
540.6060220804366 542.8247566976183 0
541.049505281487 543.661550140404 0
541.9364716835878 544.6985866493081 0
542.3799548846382 545.1491255252994 0
542.8234380856886 545.1617364725573 0
541.4929884825374 545.404865807269 1
543.7104044877894 546.3534389514391 0
544.5973708898903 547.3778198451506 0
545.0408540909407 547.5625140328301 0
545.4843372919911 547.6471836360757 0
545.9278204930415 548.5041079328649 0
546.3713036940919 549.6597057855222 0
546.8147868951423 550.0083947905697 1
547.7017532972432 550.0503578268808 0
548.1452364982936 550.7132325846676 0
544.1538876888399 550.992664025522 r0
543.266921286739 551.513150759977 r0
549.4756861014448 551.6472948901026 0
548.588719699344 551.7947763303539 1
549.9191693024952 552.0632149066795 0
549.0322029003944 553.1360028953429 1
550.3626525035456 553.297595079565 0
550.806135704596 553.3089326673077 0
551.2496189056465 553.4478669858352 0
551.6931021066969 554.03696382829 0
547.2582700961927 554.7171888761892 r0
553.0235517098481 555.7375929028165 0
553.9105181119489 556.2787863675748 0
553.4670349108985 556.328640172773 0
555.2409677151002 558.3828900266723 0
555.6844509161506 558.555958663076 0
552.1365853077473 558.5740347679774 r0
556.127934117201 558.8292029672111 0
552.5800685087977 559.037854202361 r0
557.4583837203522 560.2790875031229 0
558.345350122453 560.9745915523052 0
554.3540013129993 560.9848264259663 r0
557.9018669214026 561.1694096668838 0
558.7888333235035 561.5362541507841 0
559.2323165245539 561.9697902015142 0
554.7974845140498 562.3854757198228 r0
559.6757997256043 562.3966731287281 0
556.5714173182514 562.4286593147386 1
560.1192829266547 562.8083266158334 0
561.4497325298059 563.8859092958736 0
560.5627661277051 564.0508112414856 0
561.8932157308564 564.1805119631107 0
562.7801821329572 565.0759266512434 0
563.2236653340076 565.6487348229505 0
562.3366989319068 565.6734426348182 1
557.0149005193018 565.9520927557767 r0
564.1106317361084 566.7169073604756 0
564.5541149371588 567.0634288155437 0
564.9975981382092 567.392093044657 0
565.4410813392597 567.6447742265076 0
561.0062493287555 568.4475906791124 r0
565.8845645403101 569.0693468499603 0
566.7715309424109 569.2753424703093 0
566.3280477413605 569.5564007567509 0
567.2150141434613 569.7944509240066 0
568.5454637466125 570.8015899339576 0
568.1019805455621 571.4210488290132 1
563.667148535058 571.9282743153134 r0
569.8759133497638 572.019733231516 0
570.7628797518646 572.9077448903915 0
567.6584973445117 574.0679967965779 r0
568.988946947663 574.3445534644572 1
571.6498461539654 574.6357139777239 0
572.5368125560663 574.8029078125546 0
572.9802957571167 575.5697934930012 0
573.8672621592175 576.095167164758 0
573.4237789581671 576.1764964544485 0
572.0933293550158 576.1765954400128 1
569.4324301487134 576.2279758123287 r0
574.3107453602679 576.9244322935936 0
574.7542285613183 577.7858153298758 0
575.1977117623687 577.8359888517317 0
570.3193965508142 578.19850238558 r0
576.52816136552 579.1992785140737 0
577.4151277676208 580.5640751830035 0
577.8586109686712 580.7368073775742 0
578.745577370772 581.516425246088 0
578.3020941697216 581.5748238687171 0
575.6411949634191 582.3470206001847 r0
579.1890605718224 582.4085707218585 0
579.6325437728729 582.5474491368435 0
576.0846781644696 583.1608062731285 r0
580.5195101749737 583.4379553344309 0
576.9716445665704 583.4443218955743 r0
571.206362952915 583.568368219425 r0
581.8499597781249 584.2319114413583 0
583.1804093812761 585.4361432559458 0
580.9629933760241 585.6660147451283 1
583.6238925823266 586.1095201743068 0
582.7369261802257 586.2818413328099 1
584.5108589844274 586.6879859157893 0
584.067375783377 587.2650383869575 0
584.9543421854778 587.3309195468817 0
585.3978253865282 587.793513302573 0
581.4064765770745 588.1503720004999 r0
580.0760269739233 588.2645607010322 r0
585.8413085875786 588.3304712845459 0
586.7282749896794 588.9852460179225 0
586.284791788629 589.624452364485 1
582.2934429791753 589.7642847461253 r0
588.0587245928307 590.2198832887032 0
588.5022077938811 590.8926692263509 0
589.3891741959819 591.6301212217099 0
589.8326573970323 592.0562733792644 0
588.9456909949315 592.0691224140774 1
590.7196237991332 593.0162496701191 0
590.2761405980827 593.625590764165 1
587.1717581907299 593.7083718917011 r0
591.606590201234 593.754713333399 0
592.0500734022844 594.3835355495643 0
592.4935566033348 594.7368984231522 0
587.6152413917803 595.3320939751065 r0
592.9370398043852 595.6848818261545 0
593.3805230054356 596.9933710148244 1
594.7109726085869 597.2505965349266 0
591.1631070001836 597.6519919817576 r0
595.5979390106877 597.9486978345483 0
594.2674894075365 598.2231472523539 1
596.0414222117381 598.6152042443733 0
596.9283886138389 599.3311584210285 0
597.3718718148893 599.9983689640025 0
597.8153550159398 600.0074540665317 0
595.1544558096373 600.6967412867106 1
599.145804619091 601.960420912408 0
600.0327710211918 602.4181035118065 0
596.4849054127885 602.9036691002711 r0
593.824006206486 603.3643806817997 r0
601.8067038253935 604.2456804542037 0
602.2501870264439 604.5270217698142 0
602.6936702274943 605.0049208115856 0
598.2588382169902 605.3820955799508 r0
604.467603031696 607.2177202538612 0
605.3545694337968 608.1049761738473 0
605.7980526348472 608.1543768204816 0
600.4762542222422 608.2433870425286 1
598.7023214180406 608.3109270158799 r0
599.5892878201414 608.333514895056 r0
606.2415358358976 608.5552479168643 0
606.685019036948 609.0760242834699 0
603.1371534285447 609.8486032548327 1
607.1285022379984 610.3272722146878 0
607.5719854390488 610.4373896540294 0
608.0154686400992 610.5790553521589 0
608.9024350422001 611.1194395846596 0
603.5806366295951 611.4378919499286 1
604.0241198306455 611.4499609872399 1
609.3459182432505 611.970969144622 0
600.9197374232926 612.1553039072829 r0
610.2328846453513 612.7045546270384 0
609.7894014443009 612.8326716476734 0
611.1198510474521 613.3483577442903 0
611.5633342485025 614.778747387617 0
604.9110862327464 614.8241700626105 r0
612.006817449553 615.0819939045849 0
612.4503006506034 615.1424882656092 0
613.3372670527042 615.9081487710034 0
601.3632206243431 616.2276726308152 r0
615.1111998569058 617.3040793686182 0
614.6677166558554 617.3964358732621 0
608.4589518411497 617.460477421339 r0
614.224233454805 617.7281416093563 0
615.9981662590067 618.3038388800043 0
610.6763678464017 619.0252001903821 r0
612.8937838516538 619.685625893266 r0
616.8851326611075 619.7520825031557 0
616.4416494600571 619.784755094843 0
617.3286158621579 620.134825459027 0
617.7720990632083 620.3369144768963 0
613.7807502537546 620.9052017345538 r0
618.6590654653091 621.3338756565688 0
619.54603186741 622.1757540298487 0
619.1025486663596 622.2091441706416 0
615.5546830579563 622.4839757782881 r0
621.3199646716116 623.7428476036905 0
620.4329982695108 623.9095077250794 1
621.763447872662 624.1922563213013 0
620.8764814705612 624.2075216425895 1
622.2069310737124 624.4047572816842 0
622.6504142747629 625.5339845753198 0
623.5373806768637 625.7097825817218 0
623.0938974758133 625.7872567845313 0
619.9895150684604 626.5800373845702 r0
618.2155822642587 626.6837030841907 r0
623.9808638779141 627.2176560827795 1
624.8678302800149 627.4233896471861 0
626.1982798831662 628.3920546181306 0
626.6417630842166 629.007652212571 0
627.5287294863174 630.3107781512736 0
627.085246285267 630.3673268340233 0
627.9722126873678 631.3083520353993 0
628.8591790894686 631.732212421207 0
629.302662290519 631.8254637638247 0
624.4243470789645 632.7655006632355 r0
625.7547966821157 633.0250281077433 r0
630.1896286926199 633.0562458106834 0
625.3113134810653 633.219498769538 r0
629.7461454915695 633.4895470877052 1
631.0765950947207 633.5394389840537 0
631.9635614968215 635.0754953073306 0
632.8505278989223 635.2991998900276 0
633.2940110999727 635.5262684860137 0
631.5200782957711 636.1647659002944 1
633.7374943010232 636.176036385806 0
628.4156958884182 636.5113248113772 r0
632.4070446978719 636.9783001019648 1
634.1809775020736 637.2031502688416 0
635.0679439041744 637.7235839564095 0
635.9549103062752 638.5540776986969 0
630.6331118936703 638.7271130222343 1
636.3983935073256 638.7331027085714 0
636.841876708376 640.0983741370064 0
637.2853599094265 640.1656454902528 0
638.1723263115273 640.8303891839987 0
637.7288431104769 640.9123529928237 0
639.0592927136281 641.8037729993677 0
634.624460703124 641.9480874191197 r0
639.5027759146785 642.808036078382 0
639.9462591157289 642.9340726264608 0
640.3897423167793 643.1318452744833 0
640.8332255178298 643.1426426093303 0
635.5114271052248 644.4492676111333 r0
641.2767087188802 644.9127832219064 0
641.7201919199306 645.0081404341619 0
642.6071583220314 645.2102985638427 0
643.0506415230818 645.3810419611215 0
638.6158095125777 645.3908674667377 r0
642.163675120981 645.5578462444029 0
643.9376079251826 646.4723019201879 0
643.4941247241322 646.9652201598606 1
644.3810911262331 647.3146221060019 0
646.1550239304347 648.3168701749178 0
647.0419903325355 649.8400022235577 0
647.485473533586 650.8459685292779 1
646.5985071314851 651.1421518594912 1
645.2680575283339 651.744772152369 r0
644.8245743272835 651.7541736283823 r0
650.5898559409388 653.7763816242519 0
651.0333391419892 653.8283287121168 0
647.9289567346364 654.5073818613721 r0
651.9203055440901 654.7606660945384 0
651.4768223430397 654.86097636006 0
645.7115407293843 654.943850817262 r0
652.3637887451405 655.3060723482595 0
648.8159231367372 655.3515277069843 r0
648.3724399356868 655.692315785775 r0
653.6942383482917 655.974017409325 0
653.2507551472413 656.8054251180446 0
654.1377215493421 657.2473502778137 0
654.5812047503925 657.4902341179493 0
655.024687951443 658.4183356978313 0
649.702889538838 658.5089841466532 r0
655.9116543535438 658.7330151679363 0
656.3551375545942 659.3118909004658 0
649.2594063377876 659.3412778878263 r0
657.242103956695 659.953082956301 0
650.1463727398884 660.015633423468 r0
657.6855871577454 660.7869679471366 0
658.5725535598463 661.3605813330407 0
659.0160367608967 662.0691619007102 0
659.4595199619471 662.892795197645 0
652.8072719461909 662.9231506077476 r0
660.7899695650983 663.2307017918512 0
659.9030031629975 663.354688085629 1
660.3464863640479 663.3663633306056 0
661.2334527661487 663.7865352114121 0
656.7986207556446 663.9894030251337 r0
662.5639023693 665.5172926316285 0
663.4508687714008 665.6286819104987 0
655.4681711524934 665.9468452969854 r0
663.0073855703504 665.9951615653601 0
663.8943519724512 666.3040062780287 0
658.1290703587958 666.4246915214054 r0
664.3378351735016 667.4500784333347 0
664.781318374552 667.4876901991145 0
665.2248015756024 668.4696452869066 0
666.5552511787537 668.7772025539682 0
662.1204191682496 669.1077015861413 r0
661.6769359671991 669.6119408684616 r0
667.4422175808545 670.1289112560466 0
666.9987343798041 670.5222913559879 0
667.8857007819049 670.9678603731118 0
668.3291839829553 671.3358838349097 0
668.7726671840057 672.0311291802591 0
665.6682847766529 672.2252996295522 r0
669.6596335861066 672.5891567397236 0
670.103116787157 672.9525739985982 0
670.5465999882074 673.1948317125923 0
666.1117679777033 673.3001555754902 r0
670.9900831892578 673.7558718464409 0
671.4335663903082 674.8534665868468 0
671.8770495913586 674.9710108717069 0
672.320532792409 675.172509415859 0
673.6509823955603 676.0723127686927 0
669.2161503850562 676.2523702239154 r0
673.2074991945099 676.3077310181866 0
672.7640159934595 676.5500394859954 1
674.9814319987115 677.1216400198086 0
675.8683984008123 678.5652538640113 0
676.3118816018628 678.6984148436393 0
676.7553648029132 679.2850685885703 0
677.642331205014 680.5585962128615 0
678.0858144060644 680.9996297851029 0
674.0944655966107 681.1202123161402 r0
674.5379487976611 681.2694127470305 r0
679.4162640092156 681.5849546137326 0
678.9727808081652 681.6964205527653 0
675.4249151997619 681.9569810965606 r0
679.859747210266 683.0198130717107 0
680.3032304113165 683.6147395895342 0
680.7467136123669 683.9989862657898 0
681.6336800144677 684.0710217678225 0
681.1901968134173 684.1961559254921 0
677.1988480039636 684.9440102846452 r0
678.5292976071148 685.1025997476107 r0
682.5206464165685 685.7584303872849 0
683.8510960197198 686.4254728663597 0
682.9641296176189 686.4784075538843 0
683.4076128186693 686.9146295306898 0
684.2945792207702 686.9774315093447 0
684.7380624218206 687.7220866314533 0
686.0685120249718 689.2540074882866 0
682.0771632155181 689.4866356565213 r0
687.3989616281231 689.9376278969426 0
688.2859280302239 691.5883435325646 0
688.7294112312743 691.860220614015 0
687.8424448291735 691.9498412509615 0
689.6163776333751 692.2555094790131 0
690.0598608344255 692.6642132975746 0
689.1728944323247 692.7057997576015 0
685.181545622871 692.8184672467378 r0
685.6250288239214 692.9052407970124 r0
686.9554784270726 693.4097980397751 r0
686.5119952260222 693.9657560914156 r0
690.9468272365264 694.3541322719932 0
691.8337936386272 694.3718538015897 0
692.720760040728 694.8831105268905 0
693.1642432417784 695.6708836773347 0
690.503344035476 696.2968062929249 1
693.6077264428288 696.5168585749259 0
694.0512096438792 697.0841363062539 0
694.9381760459801 697.2039529026684 0
694.4946928449297 697.6395025387694 0
695.3816592470305 697.6887683542068 0
695.8251424480809 698.451857931457 0
691.3903104375768 698.5780976373519 r0
696.2686256491313 699.5893591414969 0
697.1555920512321 699.6600353687991 0
696.7121088501817 699.8065548720992 0
697.5990752522825 700.1771570898325 0
698.9295248554338 701.1107112712182 0
698.042558453333 701.3184764260019 1
698.4860416543834 701.81857276604 1
699.3730080564842 702.2951807824285 0
699.8164912575346 702.3262984418848 0
700.7034576596354 702.9548957737068 0
692.2772768396776 703.1288368391444 r0
700.259974458585 703.2236436015367 0
701.5904240617363 703.7347450300147 0
701.1469408606858 704.178023882927 0
702.4773904638371 705.0094747394476 0
702.9208736648875 705.1468066439331 0
702.0339072627867 705.3378633458462 1
704.2513232680387 706.6566909148481 0
703.8078400669883 706.920945238128 1
704.6948064690891 706.9865102964013 0
703.3643568659379 707.2248397329096 1
705.1382896701396 707.3764431172563 0
705.58177287119 708.0675649269042 0
706.0252560722404 708.3306167431455 0
707.3557056753916 709.5976872104171 0
706.4687392732908 709.6721068416263 1
708.2426720774924 710.7080279269459 0
707.799188876442 710.7247428692062 0
708.6861552785429 711.0526083527877 0
710.9035712837949 713.1450708728421 0
710.0166048816941 713.199234925898 1
711.3470544848453 713.5282775500473 0
706.9122224743412 713.9904081058892 r0
712.2340208869462 714.7799835608151 0
711.7905376858957 715.1398799940243 1
712.6775040879966 715.2803468135776 0
709.5731216806437 715.3102412341242 1
713.120987289047 715.810983215589 0
709.1296384795933 716.4983577744308 r0
713.5644704900974 716.6492594249827 0
714.4514368921982 716.9489350995239 0
714.0079536911478 716.951257410091 0
714.8949200932486 717.2356372824203 0
715.338403294299 717.6525586583832 0
710.4600880827445 718.7188328321765 r0
715.7818864953495 718.7734692463143 0
717.1123360985007 719.4062646639469 0
716.6688528974503 719.6760875729657 0
717.5558192995511 720.0980893181862 0
717.9993025006015 720.7904188755626 0
718.8862689027023 721.4078929488693 0
719.7732353048032 722.1715587600148 0
719.3297521037528 722.2408083912948 0
720.2167185058536 722.4252116277736 0
720.660201706904 722.8761854718658 0
716.2253696963999 723.1333583745567 r0
718.4427857016519 723.7511764805462 1
721.9906513100552 724.1434707569235 0
721.1036849079544 724.2855336097264 1
722.4341345111056 724.7593988148583 0
722.877617712156 725.0717374180125 0
724.6515505163577 727.7930584001224 1
725.0950337174081 728.2396084777496 0
725.9820001195089 728.8137816105598 0
721.5471681090048 728.922621400055 r0
725.5385169184585 729.0686786893049 1
726.4254833205594 729.263271581992 0
726.8689665216098 729.7738269588526 0
727.7559329237106 729.9622298563696 0
728.199416124761 730.4195433919814 0
728.6428993258114 730.8406385534583 0
729.0863825268618 731.4486302846329 0
727.3124497226602 732.0729161232969 1
723.7645841142569 732.1055079318143 r0
724.2080673153073 732.3654308560483 r0
730.4168321300131 733.2186802706079 0
723.3211009132065 734.1909241277463 r0
731.3037985321139 734.3388187885981 0
731.7472817331643 734.843268392364 0
729.9733489289627 735.2390723601058 1
733.0777313363155 735.8681317660748 0
733.521214537366 736.2936659590891 0
733.9646977384164 736.4776109169507 0
729.5298657279122 736.7400343606363 r0
734.4081809394668 737.5765279231958 0
736.1821137436684 738.4338463746376 0
735.2951473415676 738.5202383863684 0
735.738630542618 738.558637825696 0
732.1907649342147 739.3857270220575 r0
732.6342481352651 739.6462045393307 r0
737.9560465478701 740.7060034665377 0
738.3995297489205 740.8462312969593 0
737.5125633468197 740.9668504778331 0
738.8430129499709 741.2400035611887 0
739.2864961510213 742.1638540330333 0
734.8516641405172 742.6467016982738 r0
740.6169457541725 743.1399814256189 0
741.060428955223 743.3657067548976 0
740.1734625531221 743.5829941822425 0
736.6255969447188 743.7316310948149 r0
741.5039121562734 743.924768068197 0
741.9473953573238 744.4887716661358 0
742.3908785583742 745.4819168027401 0
742.8343617594246 745.8391261257223 0
744.1648113625758 746.3496479727002 0
743.7213281615254 746.6800075626945 0
737.0690801457692 747.0657217380469 r0
745.0517777646767 747.7605901566609 0
739.7299793520717 748.0360641960013 r0
746.3822273678279 749.2411155500855 0
745.9387441667775 749.2878720117313 0
746.8257105688783 749.5362570507801 0
743.277844960475 750.5317424825947 r0
748.1561601720296 751.4180008933803 0
744.6082945636263 751.4843467202415 r0
749.0431265741304 751.5229798186012 0
751.2605425793824 753.5939209695927 0
749.9300929762312 753.8951648826217 1
751.7040257804329 753.9626469048246 0
750.817059378332 754.1293993262375 0
752.1475089814833 754.6408554201041 0
752.5909921825337 754.9902168201456 0
753.0344753835841 756.0534968490905 0
753.4779585846345 756.1725793456668 0
730.8603153310635 756.7744369029825 r0
753.9214417856849 756.8274404875839 0
754.3649249867353 757.201741390915 0
745.4952609657271 757.27690276081 r0
755.2518913888362 757.6525873933334 0
747.7126769709791 757.7625862275319 r0
755.6953745898866 758.477165001098 0
747.2691937699287 759.5107491562903 r0
757.0258241930378 759.7632897750226 0
757.4693073940882 760.1716914627098 0
757.9127905951386 760.5513113388366 0
749.4866097751808 760.579257368169 r0
758.356273796189 760.6431756908928 0
750.3735761772816 761.6886572140163 r0
758.7997569972395 761.7364940761705 0
760.1302066003907 762.535669665327 0
759.6867233993403 762.6147491923051 0
761.0171730024915 763.4631223838285 0
754.8084081877857 763.5301915615097 r0
756.138857790937 763.80510157318 r0
761.4606562035419 764.6479094976423 0
761.9041394045923 764.8266132557295 0
762.7911058066932 765.0134096283883 0
763.2345890077436 765.4641021152675 0
756.5823409919874 766.345532162926 r0
764.1215554098444 766.7525163464597 0
762.3476226056428 767.0721303388003 1
748.59964337308 767.1858643205312 r0
764.5650386108948 767.7765428959167 0
759.2432401982899 767.9546670005199 r0
765.4520050129956 768.0310830057485 0
767.2259378171973 769.4034039446883 0
760.5736898014411 769.5522318448338 r0
767.6694210182477 769.9279990431173 0
768.1129042192981 770.3085661144318 0
765.895488214046 770.3398548579142 1
766.7824546161469 770.8800423668545 1
768.9998706213989 771.703998154532 0
768.5563874203485 771.7342319659061 0
763.678072208794 772.6099908929583 r0
765.0085218119452 773.0410750440599 r0
770.3303202245502 773.1361547805852 0
769.4433538224494 773.4911260398911 1
771.6607698277014 773.9901150235854 0
766.3389714150965 774.1823055602283 r0
772.1042530287518 774.4340530753997 0
772.5477362298022 775.0471155882989 0
772.9912194308527 775.3572127534476 0
769.8868370234998 776.2832036141893 1
770.7738034256006 776.4739047407977 1
773.4347026319031 777.0905917242894 1
774.7651522350543 777.1071286107951 0
775.2086354361047 777.5164152682984 0
775.6521186371551 777.8825229296491 0
773.8781858329535 778.7931697599232 1
776.539085039256 778.8140998908956 0
776.0956018382055 779.2751740212502 0
771.217286626651 779.5966826212181 r0
776.9825682403064 779.7714220706304 0
777.4260514413568 780.0783722864041 0
777.8695346424072 780.5805751425755 0
778.3130178434576 780.7858111604384 0
774.3216690340039 780.9140769059765 r0
778.756501044508 780.9530967970346 0
779.6434674466088 781.9740419092548 0
780.0869506476593 783.120785633767 0
781.4174002508105 783.7496178702198 0
782.3043666529113 784.6470065085168 0
782.7478498539617 785.187540314564 0
781.8608834518609 785.2923180197525 1
783.1913330550121 785.5495356781048 0
783.6348162560625 786.7136291827662 0
784.5217826581634 787.4354626286604 0
784.9652658592138 787.4693599741996 0
779.1999842455584 787.626135122083 r0
780.9739170497601 787.8898332567184 r0
785.8522322613146 788.003962148591 0
785.4087490602642 788.3692426381841 0
786.295715462365 789.1007472819203 0
787.1826818644658 789.5086050888219 0
787.6261650655163 789.9756791614248 0
786.7391986634154 790.3258117909556 1
788.0696482665667 790.3848233562363 0
784.078299457113 791.1254317884786 r0
788.9566146686675 791.5715902782007 0
789.8435810707683 792.0302898421572 0
790.2870642718187 792.5812269035632 0
789.4000978697179 792.5845900098344 0
790.7305474728691 793.3718779402458 0
791.1740306739196 793.9280866335625 0
791.61751387497 794.2103411604709 0
792.0609970760204 794.2459752096053 0
792.9479634781212 795.2197242839085 0
793.3914466791716 795.6459911495906 0
780.5304338487097 795.8384908834987 r0
788.5131314676171 795.8940290820331 r0
793.834929880222 796.1820094818421 0
794.2784130812724 796.4362016143716 0
794.7218962823229 797.0275453993842 0
795.6088626844237 797.8238935239333 0
796.0523458854741 798.3812002442006 0
796.9393122875749 799.0815868411546 0
796.4958290865245 799.4266852367675 0
792.5044802770708 799.8138211770146 r0
797.3827954886253 799.86206554061 0
797.8262786896757 799.9846151757965 0
798.2697618907262 801.0611778583165 0
798.7132450917766 801.702119915039 0
795.1653794833733 801.7536728746078 r0
800.0436946949278 802.2492424797094 0
800.4871778959782 803.071033330183 0
800.9306610970286 803.5219121266362 0
801.8176274991295 803.9861574758571 0
799.156728292827 804.0012422420633 1
801.374144298079 804.4886753994637 0
802.2611107001799 804.5115056035002 0
803.1480771022807 805.4446435271296 0
802.7045939012303 805.7010762206978 0
803.5915603033311 806.3808554368082 0
804.0350435043815 806.5419198139547 0
799.6002114938774 807.3987827370402 r0
804.9220099064823 807.6047428512754 0
804.4785267054319 807.9156583094216 1
805.8089763085832 808.325531501063 0
805.3654931075328 808.7905727703352 1
806.695942710684 809.2811601828413 0
807.5829091127848 809.9950992297519 0
808.4698755148856 810.982444247224 0
809.3568419169865 811.6128940135088 0
808.913358715936 811.833187325172 0
807.1394259117344 813.7814668687473 r0
811.1307747211881 813.9416288189924 0
811.5742579222385 814.3985734829107 0
806.2524595096336 814.4276522407658 r0
812.0177411232889 814.5603247998529 0
808.0263923138352 814.901206666489 r0
812.4612243243394 815.3851139484609 0
814.235157128541 816.5970202886375 0
813.7916739274906 816.6650023677555 0
809.8003251180369 816.770914666801 r0
814.6786403295914 816.9707416084844 0
810.2438083190873 817.6434562799358 r0
815.1221235306418 817.6503450768178 0
816.0090899327427 819.1114067168966 0
816.4525731337931 819.1828888223422 0
810.6872915201377 819.3668879904435 r0
817.3395395358939 819.6034048844874 0
817.7830227369443 820.0737156679875 0
816.8960563348435 820.1044310725167 1
812.9047075253898 820.3991743068499 r0
818.2265059379947 820.8557894702046 0
819.1134723400955 821.6295365884115 0
818.6699891390451 821.7067528698677 0
813.3481907264402 822.0679761375641 r0
820.0004387421964 822.186037709633 0
820.8874051442972 823.0333059617649 0
815.5656067316922 823.8019512859897 r0
821.774371546398 824.006731135395 0
822.2178547474484 824.5420211882548 0
823.1048211495493 825.9224155925805 0
823.5483043505997 825.9918060275247 0
819.556955541146 826.7072763254134 r0
820.4439219432468 826.8665923868195 r0
824.4352707527005 826.8748961535042 0
825.3222371548013 828.1327869541569 0
825.7657203558517 828.2934214325436 0
821.3308883453476 828.5578996413074 r0
826.2092035569021 828.8813779736246 0
826.6526867579526 829.790847440116 0
822.6613379484988 830.4665017178363 r0
828.4266195621542 830.6672627246381 0
823.9917875516501 831.1330512607825 r0
827.9831363611038 831.2837360104605 1
829.7570691653054 831.9787222574399 0
828.8701027632046 832.0558810624437 0
824.8787539537509 832.8905672905173 r0
831.0875187684567 833.7546692814466 0
831.9744851705575 834.658519644676 0
832.4179683716079 834.700465606375 0
827.5396531600534 834.9219963466745 r0
827.096169959003 835.4708553145343 r0
832.8614515726583 835.9331702743731 0
829.313585964255 836.0478636723444 r0
833.7484179747591 836.0518109613213 0
834.1919011758096 836.9862207584542 0
830.2005523663559 837.537470585986 r0
835.5223507789608 837.7577879368149 0
835.0788675779104 838.0722703714284 0
836.4093171810616 838.6236968724519 0
830.6440355674063 838.945856776584 r0
835.9658339800112 839.0677126420605 0
837.2962835831624 839.51603011973 0
831.5310019695071 839.5194474635038 r0
837.7397667842129 839.9392044821253 0
838.1832499852633 840.5404477105473 0
839.0702163873641 841.2522745011099 0
838.6267331863137 841.3827941237704 0
833.3049347737087 841.6134356781201 r0
839.5136995884145 841.8400163109849 0
839.9571827894649 842.2950763945889 0
840.4006659905153 842.5713330821876 0
834.63538437686 842.9275221310726 1
841.2876323926162 843.5738041593421 0
841.7311155936666 844.5725234796208 0
842.174598794717 844.9539670640256 0
842.6180819957674 845.3981362750031 0
843.0615651968178 845.9795523415321 0
843.5050483978682 846.1424635515904 0
843.9485315989186 846.2436017435974 0
836.852800382112 846.3258056238702 r0
844.8354980010195 847.4740547822164 0
844.392014799969 847.4943685780619 0
840.8441491915657 847.8584440944078 r0
845.2789812020699 847.8732272617218 0
847.0529140062715 849.3134239431878 0
846.6094308052211 849.892991709294 1
847.9398804083723 850.1810708311035 0
848.8268468104732 851.441889130772 0
845.7224644031203 852.5742539689259 r0
846.1659476041707 853.1118689089911 r0
850.6007796146748 853.2741034435093 0
851.0442628157252 854.0018242207284 0
851.9312292178261 854.4492564289674 0
851.4877460167756 854.6348593278215 1
847.4963972073219 855.1588278202989 r0
852.8181956199269 855.6091253885845 0
848.3833636094228 856.2602477928162 r0
849.2703300115236 856.3299773548259 r0
854.1486452230781 856.5883771504012 0
854.5921284241285 856.7759306916063 0
855.035611625179 857.963716729418 0
855.9225780272798 858.1662048450974 0
850.1572964136244 858.3795491331937 r0
856.8095444293806 859.1867486852922 0
855.4790948262294 859.4881964889531 1
857.253027630431 859.7656680645864 0
852.3747124188765 859.7959492854807 r0
858.1399940325318 860.7504808278491 0
849.713813212574 860.9707860993625 r0
859.0269604346327 861.6722433961108 0
853.2616788209773 862.1620133130532 r0
859.9139268367335 862.298748864324 0
860.3574100377839 862.9696373592441 0
853.7051620220277 863.1604538226991 r0
861.2443764398847 863.9298479980364 0
861.6878596409351 864.0264465458646 0
857.6965108314814 864.1652545246908 1
862.574826043036 864.8846071868253 0
862.1313428419855 865.1768537778293 0
863.4617924451368 865.7567960397524 0
856.3660612283302 865.8416599786012 r0
859.4704436356831 866.3792490842883 1
863.9052756461872 866.4773743611898 0
860.8008932388343 866.6553089572535 1
864.3487588472376 866.7549172846876 0
865.6792084503888 867.8824034546587 0
865.2357252493384 868.0446619276458 0
858.5834772335822 869.1481246765765 r0
866.5661748524897 869.202723249425 0
866.1226916514393 869.2462322782218 0
863.0183092440864 869.5779946880691 1
867.4531412545905 870.1314570203939 0
869.2270740587921 871.9299961451084 0
868.7835908577417 872.2514654347513 0
864.792242048288 872.3371604127915 r0
870.114040460893 872.6038622509952 0
869.6705572598426 872.7571059356643 0
870.5575236619434 873.9655677039458 0
867.0096580535401 874.0441935337768 r0
871.4444900640442 874.3133461887719 0
871.8879732650946 874.5071606877216 0
868.3401076566913 874.9225434890947 r0
867.8966244556409 874.9280713470837 r0
873.2184228682459 875.8595252708649 0
873.6619060692963 876.1067003222315 0
874.1053892703467 876.4613300891635 0
874.5488724713971 877.1546803826513 0
872.331456466145 877.7450082807101 1
875.4358388734979 878.0212356074146 0
876.3228052755987 879.2260208932761 0
877.2097716776996 879.4183031218618 0
877.65325487875 879.9263449213228 0
876.7662884766492 880.0960761135673 1
878.0967380798004 880.2684790454854 0
878.9837044819012 881.5046795426896 0
872.7749396671954 881.9797495383871 r0
879.4271876829516 881.9800687654853 0
874.9923556724475 882.4201691668028 r0
871.0010068629938 882.4818217808163 r0
880.3141540850525 883.2653572744975 0
881.2011204871533 883.4345502261566 0
878.5402212808508 883.6363244793782 1
881.6446036882037 884.6630372483792 0
875.8793220745483 885.2285966479009 r0
882.9750532913549 885.2406758765763 0
882.0880868892541 885.7285666118253 1
882.5315700903045 886.1270091982371 1
883.4185364924053 886.3271064142293 0
883.8620196934557 886.49506688983 0
879.870670884002 887.0162375567667 r0
884.7489860955566 887.0250250736763 0
885.6359524976574 887.7832548476525 0
885.192469296607 887.9917786222599 0
886.0794356987078 888.6302478796454 0
880.7576372861029 888.6782872873815 r0
886.5229188997582 889.0114283605051 0
886.9664021008086 889.3222720568126 0
887.409885301859 890.5287779606176 1
887.8533685029095 890.7592195742093 0
888.7403349050103 890.9069744906593 0
884.3055028945062 891.118245120726 r0
888.2968517039599 891.2785614209145 0
889.1838181060607 891.435486062249 0
890.0707845081615 892.6515038638776 0
891.4012341113128 893.8071466320212 0
891.8447173123632 894.2982737261182 0
892.2882005134136 895.2410752496726 0
892.731683714464 895.6692096076067 0
889.6273013071111 896.077077364734 r0
893.6186501165648 896.1035957813554 0
893.1751669155144 896.2288790723358 0
894.0621333176152 896.3279813000175 0
890.5142677092119 897.1782063603407 r0
894.9490997197161 897.7237065359978 0
890.9577509102623 898.1727015992441 r0
896.2795493228673 898.8209011101484 0
895.8360661218169 899.0262116823826 1
896.7230325239177 899.8883367286334 0
897.1665157249681 899.9383499378574 0
898.053482127069 900.6063206672753 0
894.5056165186656 901.2461281094476 r0
897.6099989260185 901.4732501364596 1
898.9404485291698 901.6473287111024 0
899.3839317302202 902.1036358247183 0
895.3925829207665 902.810566923201 r0
899.8274149312706 902.9491195447035 0
900.7143813333714 903.5418076318039 0
901.1578645344218 904.1454642570476 0
901.6013477354722 904.7669349855079 0
902.0448309365227 905.0451362896416 0
902.4883141375731 905.25550184632 0
903.3752805396739 905.6990688591467 0
902.9317973386235 906.1742328015316 0
903.8187637407243 906.6753671128289 0
900.270898132321 906.6904465606614 r0
904.2622469417747 907.2736238548621 0
905.1492133438755 907.4294090087191 0
904.7057301428251 907.7284774433784 0
898.4969653281194 907.9898015369776 r0
906.0361797459764 908.4577206936597 0
906.4796629470268 909.4214772433221 0
906.9231461480772 909.4291242368478 0
907.3666293491276 910.571634088745 0
907.810112550178 910.9675275258141 0
908.2535957512284 911.022465132976 0
909.1405621533293 912.4610032353594 0
905.592696544926 912.6315132576058 r0
910.0275285554301 912.80014810444 0
910.9144949575309 913.2970716842896 0
910.4710117564805 913.373915175921 0
911.8014613596317 914.6817089507563 0
912.2449445606821 914.7279042414112 0
912.6884277617326 915.3987921389539 0
911.3579781585813 915.8123922942204 1
913.131910962783 916.0689793735787 0
913.5753941638334 916.1992945909284 0
908.6970789522788 916.3919164613151 r0
914.0188773648838 916.8283379472932 0
914.9058437669846 917.1110138799769 0
914.4623605659342 917.1996347546968 0
915.349326968035 917.8108424448395 0
909.5840453543797 918.8723459117086 r0
916.6797765711863 918.9837195611128 0
918.0102261743375 920.5500057908389 0
917.5667429732871 920.6939834600988 0
918.4537093753879 921.1722391236566 0
919.3406757774887 922.1461712165836 0
919.7841589785392 922.6574219908337 0
916.2362933701359 923.1599152637908 r0
920.2276421795896 923.2056315824625 0
920.67112538064 923.3889833498013 0
917.1232597722367 924.1955071760692 r0
921.5580917827408 924.8601550617799 0
922.0015749837912 925.0305702236246 0
922.4450581848416 925.2173503549598 0
923.3320245869425 925.6963519469082 0
918.8971925764383 925.8891665663351 r0
915.7928101690854 926.2759806954447 r0
922.888541385892 926.3035797220134 0
923.7755077879929 927.0742797034335 0
924.2189909890433 927.8841809857461 0
925.1059573911441 927.9466581460255 0
921.1146085816904 928.0629301997385 r0
925.9929237932449 928.1399151935791 0
925.5494405921945 929.6261657064426 1
926.8798901953458 930.2264425818435 0
927.3233733963962 930.5456663567062 1
928.210339798497 931.3579182056383 0
929.5407894016482 931.9230931749594 0
924.6624741900937 932.0897556431039 r0
929.9842726026986 932.1449327220882 0
929.0973062005978 932.2159506270289 1
926.4364069942953 932.8810530367151 r0
930.8712390047995 933.3889434962814 0
930.427755803749 933.9383749656439 1
931.7582054069003 934.4640279419688 0
932.2016886079507 935.0545222260139 0
933.0886550100515 935.5922659081466 0
928.6538229995474 935.7287004749114 r0
933.5321382111019 935.9857675216224 0
932.6451718090011 936.5469342544546 1
934.4191046132028 936.702116830161 0
935.749554216354 938.0332526838145 0
927.7668565974466 938.6994606719057 r0
931.3147222058499 939.3295960948354 r0
937.9669702216061 940.6105467700745 0
933.9756214121523 940.6769757283784 r0
937.5234870205556 940.8035690739144 0
938.4104534226565 941.572923809877 0
938.8539366237069 941.5730573288176 0
934.8625878142532 942.093454887805 r0
935.3060710153036 942.6836887614611 r0
936.1930374174044 942.9000687871629 r0
940.1843862268581 942.9874606924344 0
940.6278694279085 942.9903850268322 0
939.2974198247573 943.0843049649586 0
941.071352628959 943.2170348202171 0
939.7409030258077 943.9124570875391 1
941.9583190310598 944.3989796952586 0
942.4018022321102 944.5418648501326 0
936.6365206184548 945.3244390926875 r0
942.8452854331606 945.4631379763852 0
941.5148358300094 946.4351262766571 1
937.0800038195052 946.5621419193326 r0
944.1757350363118 946.5649067363562 0
945.0627014384127 947.6076371527853 0
944.6192182373622 947.6623860473987 0
945.9496678405135 948.7785963038637 0
946.8366342426143 948.9916042967182 0
946.3931510415639 949.8805424918755 1
943.288768634211 949.9756408907543 r0
947.7236006447151 950.431878347233 0
943.7322518352614 950.4587227512001 r0
948.1670838457655 950.8662569933532 0
948.610567046816 950.973629645138 0
949.0540502478664 951.2454443173796 0
945.5061846394631 952.321551287516 r0
949.9410166499672 952.5230623108192 0
951.2714662531184 953.5390895435233 0
949.4975334489168 954.3872046124227 1
952.1584326552193 954.4274093821807 0
952.6019158562697 955.2095060127696 0
953.0453990573201 955.7854175377944 0
947.2801174436647 955.8665707214262 r0
953.9323654594209 956.4246209514077 0
954.8193318615217 956.993657411098 0
950.827983052068 957.4563860950016 r0
955.2628150625721 957.4665203352592 0
954.3758486604713 957.6672991109597 1
955.7062982636226 958.0982925104679 0
956.149781464673 958.4184109866671 0
956.5932646657234 959.7497991393642 0
951.7149494541688 959.897125966185 r0
957.4802310678242 960.0764814266747 0
950.3844998510176 960.4189660819221 r0
953.4888822583705 960.7258441000511 r0
959.2541638720259 962.0281784342998 0
959.6976470730763 962.1870492054911 0
957.0367478667738 962.5237015926311 1
960.1411302741267 962.6959227065863 0
960.5846134751771 962.7628799493747 0
958.8106806709754 963.0786421460393 1
961.0280966762275 963.3174373443641 0
961.4715798772779 963.9042897598189 0
962.3585462793787 964.6005161250339 0
961.9150630783283 964.7700761275862 0
957.9237142688746 964.8759440343954 r0
958.367197469925 965.4031269816119 r0
963.2455126814796 965.4197438166944 0
962.8020294804292 965.4692369432925 0
964.5759622846308 966.9113914394449 0
965.0194454856812 967.7876503034745 0
965.906411887782 968.0659054955069 0
966.7933782898829 969.0406080654669 0
966.3498950888325 969.2279094762841 0
967.6803446919837 970.2175120403389 0
964.1324790835804 970.3383318446366 1
963.68899588253 970.9136636263092 1
968.1238278930341 971.0588630842061 0
968.5673110940845 971.2961917013148 0
969.4542774961853 971.7455687155748 0
969.0107942951349 971.7844697198061 0
970.3412438982862 972.5997110467221 0
967.2368614909333 974.1315344382317 r0
971.6716935014374 974.2009368797967 0
972.5586599035382 974.815235093324 0
973.0021431045886 975.7544602309266 0
965.4629286867316 976.1892385912647 r0
973.445626305639 976.4617126116462 0
973.8891095066895 976.9187188851729 0
969.8977606972358 977.154207863903 r0
974.7760759087903 977.48934302561 0
970.7847270993366 977.9255596994313 r0
975.6630423108911 978.2036951165969 0
971.228210300387 978.4145704945761 r0
976.9934919140424 979.1343582019018 0
975.2195591098407 979.8511039571121 1
977.4369751150928 980.0265024768854 0
977.8804583161432 980.0308439329269 0
978.3239415171936 980.493220512709 0
979.2109079192944 981.4421116302308 0
976.1065255119415 981.5778493217668 1
978.767424718244 981.844196099754 0
972.1151767024878 982.1528500259894 r0
980.0978743213952 982.2741751617797 0
974.3325927077399 982.6909697805604 r0
980.5413575224457 983.0300905891771 0
981.4283239245465 983.641492323749 0
976.5500087129919 983.8076323971185 r0
981.8718071255969 984.1267580211083 0
980.9848407234961 984.8268772611465 1
983.2022567287481 985.5477940068727 0
983.6457399297985 985.9300035761478 0
982.3152903266473 986.1435068863038 1
982.7587735276977 986.1459901635204 1
984.5327063318994 986.8271109213619 0
984.089223130849 987.1714665628373 0
979.6543911203448 987.2802162724857 r0
985.4196727340002 987.7618799804396 0
984.9761895329498 988.0186090912357 0
986.306639136101 988.5820463638186 0
986.7501223371514 989.6793026579074 0
988.0805719403027 990.6012631141473 0
987.1936055382018 990.6125032842915 1
988.9675383424035 991.5222022803463 0
989.8545047445043 992.229156518578 0
985.8631559350506 992.5662031507047 r0
990.2979879455547 993.0233150673364 0
990.7414711466051 993.1046739017471 0
992.0719207497564 994.4088775675581 0
991.1849543476555 994.5570145980136 0
992.5154039508068 994.7740293165665 0
987.6370887392522 994.8405329635578 r0
988.5240551413531 995.0119931322092 r0
992.9588871518572 995.5042925856189 0
993.4023703529076 995.5728473879299 0
989.4110215434539 997.0838306974923 r0
993.845853553958 997.3490255521987 0
995.6197863581597 998.2709127452242 0
991.628437548706 999.8665229184518 r0
997.8372023634117 1000.6443874822119 0
994.2893367550084 1001.2679286021997 r0
999.6111351676134 1002.669076848992 0
995.1763031571093 1003.1607792710969 r0
998.2806855644621 1003.6452586819021 1
998.7241687655126 1004.8924938425423 1
994.7328199560588 1005.7297872628097 r0
996.0632695592101 1006.3980373912864 r0
996.5067527602605 1006.8974336125078 r0
997.3937191623613 1009.5633479401579 r0
999.167651966563 1009.7939520945057 r0
996.9502359613109 1011.4149888288293 r0
