2.3534227808115578 4.284289073371524 0
3.5301341712173366 6.134408732661846 0
4.7068455616231155 7.265888498043921 0
5.883556952028894 7.700660212999413 0
1.1767113904057789 7.849183864098892 r0
7.060268342434673 8.935232094679918 0
8.236979732840453 10.112670205666834 0
9.413691123246231 10.99647650742383 0
11.767113904057787 13.807011795859466 0
10.590402513652009 14.417531842569307 1
15.297248075275121 17.347819877187153 0
14.120536684869343 17.57411141766883 1
17.650670856086677 19.144043565360377 0
16.4739594656809 19.629903051715072 1
18.827382246492455 20.46455921294366 0
12.943825294463565 20.88789193147782 r0
20.004093636898233 22.01393840659197 0
21.18080502730401 22.67494398995267 0
22.35751641770979 23.955733902636243 0
24.710939198521345 26.269552634378293 0
23.534227808115567 27.33478848057206 1
25.887650588927123 27.665006089397913 0
27.0643619793329 30.614213062662877 1
28.24107336973868 31.562629298659942 1
29.417784760144457 31.948179557296527 0
30.594496150550235 32.596289041849396 0
31.771207540956013 34.163992253804075 0
32.94791893136179 34.86114569376209 0
34.12463032176757 35.72674051112876 0
36.478053102579125 38.33832622239182 0
35.30134171217335 38.353670790233096 1
37.6547644929849 40.09507918624616 0
38.83147588339068 41.98932873007819 1
41.18489866420224 44.37927277249278 1
40.00818727379646 44.51129400238704 1
43.53832144501379 45.572656610902975 0
42.361610054608015 45.79536972010096 1
45.89174422582535 47.41031336310638 0
47.06845561623113 49.391461617871386 0
48.245167006636905 50.383540888415226 0
49.42187839704268 51.03379131254475 0
44.71503283541957 51.9942300354745 r0
51.77530117785424 53.68496760953026 0
50.59858978744846 54.04321844610276 1
52.95201256826002 54.931617117086766 0
54.128723958665795 58.072345310184545 1
56.48214673947735 58.213558402152756 0
57.65885812988313 59.5484858647864 0
58.83556952028891 60.517348366074145 0
55.30543534907157 60.78452941183219 1
62.36570369150624 63.98743198236352 0
60.012280910694685 65.49164103844086 1
63.54241508191202 65.8169594836654 0
64.7191264723178 66.21461994977597 0
61.18899230110046 67.58658223107983 r0
67.07254925312937 68.6851985247017 0
68.24926064353515 70.4179976813245 0
69.42597203394094 71.65645733622954 0
65.89583786272358 72.37599537678334 r0
70.60268342434672 73.11876386332824 0
71.77939481475251 74.67178269616993 0
72.95610620515829 76.24365443444808 1
74.13281759556408 76.25371829487173 0
77.66295176678143 79.29966830462568 0
75.30952898596986 79.37552448071378 1
76.48624037637565 79.74594611525225 1
78.83966315718722 82.19572029232472 1
81.19308593799879 82.71383721720755 0
80.016374547593 83.45905519182129 1
83.54650871881036 85.03604961202299 0
84.72322010921614 86.42478179313123 0
85.89993149962193 87.72539581521546 0
82.36979732840457 88.57926053546186 1
87.07664289002771 88.91984643551193 0
88.2533542804335 89.74252844652882 0
89.43006567083928 92.20262646709925 0
90.60677706124507 92.71051165770416 0
91.78348845165085 94.87379211537431 0
92.96019984205664 95.19760041260695 0
94.13691123246242 97.32880802730676 0
95.31362262286821 97.62328573909517 0
96.490334013274 99.28173217808349 0
97.66704540367978 100.69064952067336 1
100.02046818449135 101.90851956388941 0
98.84375679408556 101.92836499987101 1
101.19717957489713 102.97208192624942 0
103.5506023557087 105.787087510136 0
102.37389096530292 106.33035578182115 1
105.90402513652027 107.52942234397067 0
104.72731374611449 107.8530575174817 1
107.08073652692606 108.58074119182187 0
109.43415930773763 111.28670024205509 0
108.25744791733185 111.55056904085927 1
110.61087069814342 112.18728644295085 0
111.7875820885492 113.48546245798103 0
112.96429347895499 115.04847117875421 0
114.14100486936077 115.65095638414844 0
115.31771625976656 117.35325183480325 0
116.49442765017234 118.15791455355593 0
117.67113904057813 119.30173046792201 0
118.84785043098391 120.6800941226988 0
121.20127321179548 122.69115496453234 0
120.0245618213897 123.16682546957945 1
122.37798460220127 124.76903777793072 0
124.73140738301284 126.23785496451465 0
123.55469599260705 126.86000557350117 1
127.0848301638244 128.70436321096275 0
125.90811877341862 129.04670939502452 1
129.43825294463596 130.9988125582123 0
128.26154155423018 131.40144333954592 1
130.61496433504175 133.25716507982557 0
134.1450985062591 135.7224515350293 0
132.96838711585332 136.3762105691863 1
135.3218098966649 136.91449632694375 0
131.79167572544753 138.79107599722974 1
136.49852128707067 140.1708292290944 1
138.85194406788224 140.81376413167797 0
140.02865545828803 142.4527567924765 0
137.67523267747646 142.8418593598107 1
141.2053668486938 143.08115212244905 0
142.3820782390996 144.29912361886585 0
143.55878962950538 145.441935594823 0
144.73550101991117 146.2739942297634 0
145.91221241031695 147.47000676889857 0
147.08892380072274 148.93825219473428 0
150.6190579719401 152.17014264797194 0
148.26563519112852 152.67949903069749 1
151.79576936234588 153.3139359906519 0
149.4423465815343 155.10373464961873 1
152.97248075275166 155.6803167490777 0
154.14919214315745 157.36374374159922 1
155.32590353356323 157.48627279611384 0
156.50261492396902 158.104966168752 0
157.6793263143748 160.7271048965751 1
158.8560377047806 161.12772911841853 0
160.03274909518638 162.94847225577263 0
162.38617187599795 165.65038675428116 0
163.56288326640373 166.23732135681877 0
164.73959465680952 167.23100965454432 0
165.9163060472153 168.02102553152355 0
161.20946048559216 168.0961070424706 r0
168.26972882802687 169.7924741066171 0
167.09301743762109 170.49365495149104 1
169.44644021843266 170.96183274183102 0
170.62315160883844 172.31123979177147 0
171.79986299924423 173.42467346098985 0
172.97657438965 174.55529202132666 0
175.32999717046158 176.99616210067964 0
174.1532857800558 177.55741839180882 1
177.68341995127315 179.5131110678267 0
176.50670856086737 179.55963949385375 1
178.86013134167894 180.53273020692257 0
180.03684273208472 181.7079890449416 0
181.2135541224905 183.00143985374706 0
182.3902655128963 185.28050409852256 0
183.56697690330208 187.1293777489278 1
184.74368829370786 187.62872619731206 0
187.09711107451943 188.624636833178 0
185.92039968411365 190.15298101147016 1
189.450533855331 191.69008589543665 0
188.27382246492522 192.47927893530525 1
191.80395663614257 193.4751735749096 0
192.98066802654836 194.77872750622709 0
190.6272452457368 195.53046944336057 1
194.15737941695414 197.99082525461964 1
196.5108021977657 199.56587368588777 1
197.6875135881715 200.71303961637 1
198.86422497857728 202.72467727444138 1
195.33409080735993 202.87722737594513 r0
