1.606199417791124 3.804316377635891 0
3.212398835582248 5.090991888023781 0
4.818598253373372 6.574955339366504 0
6.424797671164496 11.448477874810848 1
9.637196506746745 11.722358542759322 0
8.03099708895562 11.797438525945534 1
12.849595342328994 14.86285723842767 0
14.455794760120119 16.24509244777741 0
16.06199417791124 18.056168749725085 0
11.24339592453787 18.432769224957376 r0
17.668193595702366 19.88739707698473 0
19.27439301349349 21.222363487638574 0
20.880592431284615 22.858414012719592 0
24.092991266866864 25.99031542451344 0
25.69919068465799 27.646605954975843 0
27.305390102449113 29.03576875360992 0
22.48679184907574 30.70473990474643 r0
28.911589520240238 31.008400358862758 0
30.517788938031362 33.8395557279568 1
32.12398835582248 34.289020912754594 0
35.33638719140473 37.29155662405339 0
33.73018777361361 37.50022039067093 1
38.54878602698698 40.3002562131643 0
36.94258660919586 41.895560564472774 1
40.154985444778106 41.89879356070129 0
41.76118486256923 43.79211240898984 0
43.367384280360355 45.422162724971884 0
44.97358369815148 47.16330029743749 0
46.579783115942604 48.46057599945643 0
48.18598253373373 50.07018146656673 0
49.79218195152485 53.66590057921821 1
51.39838136931598 53.89670999769444 0
56.21697962268935 58.08253370824714 0
54.61078020489823 58.13996030856466 1
53.0045807871071 60.221061195591886 r0
57.823179040480476 61.19245323440989 1
59.4293784582716 61.268749681745625 0
62.64177729385385 65.34723035478048 0
64.24797671164497 66.27054159701812 0
61.035577876062725 67.45447350643272 1
67.4603755472272 69.27162340836497 0
65.85417612943608 69.62531548741411 1
69.06657496501832 71.14362250791133 0
70.67277438280944 73.14779791219974 0
72.27897380060055 74.76136607465054 0
73.88517321839167 75.86919499080311 0
75.49137263618279 77.39816224997321 0
78.70377147176502 80.58080804724283 0
77.0975720539739 81.88188116632537 1
80.30997088955614 82.44482421456065 0
81.91617030734726 84.38952466816619 0
83.52236972513838 85.38892140071728 0
85.12856914292949 87.27355259759763 0
86.73476856072061 88.86295572946 0
88.34096797851173 90.39054012267617 0
89.94716739630285 92.12302648651512 0
91.55336681409396 93.40978942602536 0
93.15956623188508 95.57634053470078 0
94.7657656496762 98.11120263698004 0
97.97816448525843 99.80016278586265 0
96.37196506746731 100.3272232485155 1
99.58436390304955 101.64795143984402 0
101.19056332084067 102.94445628116618 0
102.79676273863178 104.66967200912708 0
104.4029621564229 107.07123279460488 0
106.00916157421402 107.8359428153501 0
107.61536099200514 111.33267497054538 1
109.22156040979625 112.10738979861766 0
112.43395924537849 114.57382269016826 0
114.0401586631696 115.81499219283084 0
115.64635808096072 117.77498990291242 0
110.82775982758737 118.41074035706909 r0
117.25255749875184 119.17692003639807 0
120.46495633433408 122.63895711529601 0
122.0711557521252 123.95138802255303 0
123.67735516991631 125.69794480775681 0
118.85875691654296 127.03783152801854 r0
125.28355458770743 127.22633027278151 0
126.88975400549855 129.0160006670962 0
128.49595342328968 130.362010091364 0
130.1021528410808 132.50376978857835 0
131.7083522588719 133.5548169011078 0
134.92075109445415 136.66277988880307 0
133.31455167666303 137.46364604296372 1
136.52695051224526 138.99618167748335 0
138.13314993003638 140.21879510809802 0
139.7393493478275 141.5274246465169 0
141.34554876561862 143.11025348067207 0
142.95174818340973 145.07525063087425 0
144.55794760120085 146.34524034320597 0
146.16414701899197 149.51086200649732 1
149.3765458545742 151.18570777101613 0
147.7703464367831 151.27145789449045 1
150.98274527236532 152.8642612498838 0
152.58894469015644 155.24895203637132 0
155.80134352573867 157.59654442651444 0
154.19514410794756 158.72229176717178 1
157.4075429435298 160.27673838404712 0
159.0137423613209 160.8511062956173 0
160.61994177911203 162.41498821582007 0
162.22614119690314 164.56300595180338 0
163.83234061469426 166.99083345253976 0
165.43854003248538 167.30759234322394 0
167.0447394502765 168.81006676691075 0
168.6509388680676 171.49361742670234 0
170.25713828585873 172.3222281177798 0
173.46953712144096 175.3015659641099 0
171.86333770364985 176.04713610679784 1
175.07573653923208 177.4330377918349 0
176.6819359570232 180.25467565449128 1
178.28813537481432 181.59128701744527 1
179.89433479260543 183.63398840479587 1
183.10673362818767 185.50776746567374 0
181.50053421039655 186.09741301055692 1
184.7129330459788 187.07332297313172 0
186.3191324637699 188.46380328100756 0
187.92533188156102 190.07191857269294 0
189.53153129935214 191.4258757467761 0
192.74393013493437 194.95128226193867 0
191.13773071714326 195.37710624221347 1
194.3501295527255 196.08075353504003 0
195.9563289705166 197.82398549677657 0
197.56252838830773 199.32387863662422 0
200.77492722388996 202.77107023263994 0
202.38112664168108 204.50571011657067 0
199.16872780609884 206.79007154345692 1
205.5935254772633 207.45378787948084 0
203.9873260594722 208.30955796120895 1
207.19972489505443 209.57759692319766 0
208.80592431284555 210.77867295490435 0
212.01832314842778 214.24287310588042 0
213.6245225662189 216.33012990306585 0
215.23072198401002 216.97106892198423 0
210.41212373063667 218.23988201568358 r0
218.44312081959225 220.35076033429792 0
216.83692140180113 221.01340510351918 1
220.04932023738337 222.30296010723455 0
221.6555196551745 223.73192913309646 0
223.2617190729656 225.17021922401665 0
224.86791849075672 226.92832628827935 0
226.47411790854784 230.09702746046173 1
228.08031732633896 231.3828387756569 1
229.68651674413007 231.44341467170904 0
231.2927161619212 233.24551208591885 0
232.8989155797123 235.52214386481182 0
234.50511499750343 238.23580399776165 1
236.11131441529454 239.48529262373842 1
237.71751383308566 239.7252771479254 0
239.32371325087678 241.6379414828261 0
240.9299126686679 243.46942925922005 0
242.536112086459 244.41115381258393 0
245.74851092204125 248.11800685418035 0
247.35471033983237 249.61615103328143 0
244.14231150425013 251.3855818109347 r0
248.96090975762348 251.48701880610415 0
252.17330859320572 254.99168907623593 0
250.5671091754146 255.17319122674857 1
253.77950801099684 256.09121143583667 0
255.38570742878795 257.18979533111917 0
260.2043056821613 262.185121474194 0
256.99190684657907 264.26761178498555 r0
261.8105050999524 265.2920426265662 1
258.5981062643702 265.6852657193513 r0
263.41670451774354 266.0851637737572 0
266.6291033533258 268.89534338047355 0
265.02290393553466 270.020521645545 1
268.2353027711169 271.19999764486215 0
269.841502188908 274.8396222469643 1
273.05390102449024 274.9252761917386 0
271.4477016066991 275.0535118156218 1
274.66010044228136 276.50810846402703 0
276.2662998600725 278.46189586685597 0
281.08489811344583 282.9200267303728 0
279.4786986956547 283.1175214053127 1
277.8724992778636 283.1933572811768 1
282.69109753123695 284.4317681011521 0
284.29729694902807 286.2730453942509 0
285.9034963668192 288.81535646295526 0
287.5096957846103 289.45044225663634 0
289.1158952024014 290.929593130263 0
292.32829403798365 294.5548917480487 0
290.72209462019254 295.3541486463332 1
293.93449345577477 297.6615653820548 1
295.5406928735659 297.67686499417994 0
297.146892291357 299.29116790200715 0
298.7530917091481 300.5740810720248 0
300.35929112693924 302.1435725634151 0
301.96549054473036 303.8207324422915 0
303.5716899625215 305.7757096503125 0
305.1778893803126 307.15910212340043 0
306.7840887981037 309.46242967279807 0
308.3902882158948 310.24594375221255 0
309.99648763368594 311.81518518185686 0
311.60268705147706 313.63071546631573 0
313.2088864692682 315.5164372700102 0
314.8150858870593 316.55476499408246 0
316.4212853048504 318.3947078397275 0
318.02748472264153 320.1943327890705 0
319.63368414043265 321.8519381889667 0
321.23988355822377 323.3856556137488 0
322.8460829760149 324.7639363652858 0
324.452282393806 326.17873714608476 0
326.0584818115971 328.33065604612193 0
327.66468122938824 329.98618469738847 0
329.27088064717935 332.40613869370816 0
330.87708006497047 332.79419109166946 0
332.4832794827616 335.7297814097846 0
334.0894789005527 336.9370558333133 0
335.6956783183438 337.78291844677204 0
337.30187773613494 340.9579154570523 1
340.5142765717172 342.25684703377226 0
338.90807715392606 343.6334988500075 1
342.1204759895083 343.92438657216815 0
343.7266754072994 345.7058443199253 0
345.3328748250905 347.3557864385494 0
346.93907424288165 349.80258660163895 0
348.54527366067276 350.3141355713504 0
351.757672496255 353.4809173848614 0
350.1514730784639 353.7854556324932 1
353.3638719140461 357.20786534779944 1
354.97007133183723 357.5963767963118 0
356.57627074962835 358.60448294462805 0
358.18247016741947 360.00378474313004 0
359.7886695852106 361.95642803484174 0
361.3948690030017 363.22466251120244 0
364.60726783858394 366.50402262094696 0
363.0010684207928 367.03831499138374 1
366.21346725637505 368.36885109583477 0
367.81966667416617 371.59275306934603 1
371.0320655097484 373.454630819596 0
372.6382649275395 374.671308834902 0
374.24446434533064 376.1472760688366 0
369.4258660919573 377.2118298798267 r0
375.85066376312176 377.89856562466844 0
377.4568631809129 379.4152001703484 0
379.063062598704 381.17236338046666 0
380.6692620164951 382.53449321088186 0
382.2754614342862 384.43715189345454 0
383.88166085207735 387.8462357176241 1
387.0940596876596 388.8300396929796 0
385.48786026986846 389.01048532560753 1
388.7002591054507 390.83047441873214 0
390.3064585232418 392.7362742083218 0
391.91265794103293 394.3186240347528 0
393.51885735882405 395.35034713678783 0
395.12505677661517 397.64305174530216 0
396.7312561944063 399.28879609986274 0
398.3374556121974 400.258499009696 0
399.9436550299885 401.7807987134653 0
401.54985444777964 404.25713138519325 0
403.15605386557075 405.14724253525844 0
404.7622532833619 407.54476859080427 0
406.368452701153 410.1702172481751 1
407.9746521189441 410.3171290456788 0
409.5808515367352 411.48723433275956 0
411.18705095452634 413.41338056502974 0
412.79325037231746 414.81164984669766 0
414.3994497901086 416.24054181470086 0
416.0056492078997 419.33631688381433 1
417.6118486256908 419.8018302496523 0
419.21804804348193 421.3725730149523 0
420.82424746127305 423.85898203381385 0
422.43044687906416 424.30301169638267 0
424.0366462968553 427.08223784753847 0
425.6428457146464 427.5720620500664 0
427.2490451324375 429.07307093636405 0
428.85524455022863 432.6102218725667 1
430.46144396801975 432.61952059657256 0
432.06764338581087 433.8159037897965 0
433.673842803602 435.5460158398298 0
436.8862416391842 438.81537328369524 0
435.2800422213931 439.12088642631676 1
438.49244105697534 440.41393439887315 0
440.09864047476646 442.48873713000916 0
441.7048398925576 443.4574055341213 0
443.3110393103487 445.44427382161456 0
444.9172387281398 447.1059663537212 0
446.5234381459309 449.1221322718734 0
448.12963756372204 449.9683508604617 0
449.73583698151316 451.6950317711209 0
451.3420363993043 453.7893265058557 0
452.9482358170954 454.8818528880548 0
454.5544352348865 457.2789936295715 0
456.16063465267763 457.95495631068655 0
457.76683407046875 459.963320151032 0
459.37303348825986 461.8613397403694 0
460.979232906051 463.3757306001693 0
462.5854323238421 464.43781206143797 0
464.1916317416332 466.09932686686636 0
465.79783115942433 467.55707010600275 0
467.40403057721545 469.6606427777154 0
469.01022999500657 472.2627181315539 0
472.2226288305888 473.9906979428635 0
470.6164294127977 474.3436766299285 1
473.8288282483799 475.56621183277497 0
475.43502766617104 477.3072486285355 0
477.04122708396216 481.403767183274 1
481.8598253373355 483.8989415420458 0
483.4660247551266 485.4955572420672 0
480.2536259195444 485.678288535635 1
478.6474265017533 486.7225461862023 1
485.07222417291774 486.9689596018629 0
488.2846230085 490.0734698133189 0
489.8908224262911 492.15219280126627 0
491.4970218440822 493.5448708375566 0
486.67842359070886 494.789663477537 r0
493.10322126187333 495.0470404833632 0
496.31562009745556 498.3036630511626 0
494.70942067966445 499.125751057893 1
497.9218195152467 500.11383804711187 0
499.5280189330378 501.6602535580359 0
